x ,	 y, 	 r 
2 , 2 , 37079884.615947135
3 , 2 , 12777249.97178002
507 , 2 , 13320110.990525553
508 , 2 , 41715035.97860153
509 , 2 , 180531486.10236633
2 , 3 , 12780429.221347205
3 , 3 , 5289072.088594377
507 , 3 , 5595313.443034972
508 , 3 , 14827019.742554657
256 , 125 , 22192.812200969536
257 , 125 , 28542.879475789734
258 , 125 , 23732.313500497658
259 , 125 , 12689.545193351387
274 , 125 , 11177.706794489119
275 , 125 , 11923.828196989356
255 , 126 , 11812.248669003176
256 , 126 , 15684.188542993255
257 , 126 , 11319.428054642824
291 , 136 , 10279.392067681341
292 , 136 , 15903.91627926852
293 , 136 , 19140.697870276967
294 , 136 , 20161.113570759597
295 , 136 , 19786.246592501135
296 , 136 , 16882.54883118423
297 , 136 , 11446.24282965536
291 , 137 , 23666.394305418253
292 , 137 , 47545.300137341015
293 , 137 , 72124.1908684357
294 , 137 , 87918.67966444683
295 , 137 , 87321.6823991593
296 , 137 , 66118.12860278525
297 , 137 , 38665.71905164922
298 , 137 , 19635.105283607794
290 , 138 , 21228.671375663744
291 , 138 , 53139.424979631796
292 , 138 , 98978.11695929355
293 , 138 , 143309.51789016812
294 , 138 , 172742.95261161434
295 , 138 , 169541.80838509547
296 , 138 , 120985.23445358075
297 , 138 , 63534.66185763513
298 , 138 , 31738.368793947524
299 , 138 , 14807.791391917097
289 , 139 , 15791.826139615665
290 , 139 , 31436.893691570505
291 , 139 , 58926.64335972187
292 , 139 , 86682.32558275438
293 , 139 , 120445.47168730809
294 , 139 , 177965.32740294933
295 , 139 , 218086.04665777623
296 , 139 , 172008.38910172938
297 , 139 , 87088.37504310772
298 , 139 , 43828.350788529075
299 , 139 , 21289.95245951873
294 , 140 , 118388.07972962869
295 , 140 , 285094.9801873703
296 , 140 , 275705.82620130567
297 , 140 , 149349.45752530574
298 , 140 , 73421.77081781621
299 , 140 , 33676.82189127089
294 , 141 , 117443.63183994108
295 , 141 , 426370.0232500437
296 , 141 , 444165.1405182902
297 , 141 , 259453.20821433887
298 , 141 , 126990.9306086181
299 , 141 , 53446.09016325543
300 , 141 , 13905.532952251873
294 , 142 , 221127.0570694129
295 , 142 , 585897.4840612649
296 , 142 , 587726.1489746
297 , 142 , 353701.3936674849
298 , 142 , 169387.13571767657
299 , 142 , 65104.57363249646
300 , 142 , 15853.526937923862
294 , 143 , 305796.9513413542
295 , 143 , 600385.5853606204
296 , 143 , 552854.5964910062
297 , 143 , 321097.9033806655
298 , 143 , 141080.28875441363
299 , 143 , 47407.458610644426
300 , 143 , 10977.631788036795
294 , 144 , 259114.26370938995
295 , 144 , 404041.7766297875
296 , 144 , 325649.05414848577
297 , 144 , 165516.34764747584
298 , 144 , 54776.43729343237
299 , 144 , 10546.423126240552
293 , 145 , 16873.769205083416
294 , 145 , 141773.63444586366
295 , 145 , 173935.1072541984
296 , 145 , 108856.37903894004
297 , 145 , 30644.783375014667
293 , 146 , 15694.581018562883
294 , 146 , 53832.80652611845
295 , 146 , 44152.807360030696
294 , 147 , 18363.525144508843
3 , 155 , 126064.76606281009
3 , 156 , 230579.29457154486
3 , 157 , 249189.56710440054
3 , 158 , 208861.65412955903
3 , 159 , 105481.4279556172
507 , 160 , 220806.35916174413
95 , 161 , 11461.530312277444
96 , 161 , 10670.92455388793
507 , 161 , 324799.49528790993
507 , 162 , 328632.8017122434
507 , 163 , 289606.4170527793
173 , 164 , 10152.81078240379
174 , 164 , 19042.15023335663
175 , 164 , 28558.806680371865
176 , 164 , 37595.95823966806
177 , 164 , 42888.279800844095
178 , 164 , 40574.137491875495
179 , 164 , 33406.77102761851
180 , 164 , 22988.83537894162
181 , 164 , 10294.508299043333
507 , 164 , 174994.68282028995
173 , 165 , 31696.34270952743
174 , 165 , 71465.18721678498
175 , 165 , 120673.50397831816
176 , 165 , 156619.15706728876
177 , 165 , 157737.6692206082
178 , 165 , 121963.25882933443
179 , 165 , 74557.26447352121
180 , 165 , 37022.97204507996
181 , 165 , 14975.86664106301
172 , 166 , 13596.740831311747
173 , 166 , 48648.763250482196
174 , 166 , 111177.22107521341
175 , 166 , 184531.21291306935
176 , 166 , 228801.24290807405
177 , 166 , 218906.68126772053
178 , 166 , 163133.87691471408
179 , 166 , 94990.05229159881
180 , 166 , 42974.71680941249
181 , 166 , 15381.754203919532
299 , 166 , 11029.766451172123
172 , 167 , 16644.71857702678
173 , 167 , 54409.67687352103
174 , 167 , 110172.24690345145
175 , 167 , 155375.55268746807
176 , 167 , 155235.93308588455
177 , 167 , 120710.54039590136
178 , 167 , 81860.55520257424
179 , 167 , 46675.24078666966
180 , 167 , 20595.196320159528
298 , 167 , 31451.38408343069
299 , 167 , 37958.47886140208
300 , 167 , 17694.47953510611
172 , 168 , 26732.868215405717
173 , 168 , 68938.84471246031
174 , 168 , 112820.85832547344
175 , 168 , 107854.72662750934
176 , 168 , 33154.387096214676
297 , 168 , 22833.512377233696
298 , 168 , 67533.31955372823
299 , 168 , 61451.43154314668
300 , 168 , 27455.871412219243
406 , 168 , 22687.33026241452
407 , 168 , 21656.056206287856
408 , 168 , 11430.096210406182
171 , 169 , 21114.783576156515
172 , 169 , 53106.97113837939
173 , 169 , 110103.56640544251
174 , 169 , 159261.58666454622
175 , 169 , 123892.99059105547
297 , 169 , 21856.072607676295
298 , 169 , 92347.64040958832
299 , 169 , 85234.03168032673
300 , 169 , 41157.66336992128
301 , 169 , 13077.70082752156
404 , 169 , 62016.7768823283
405 , 169 , 115241.21296971588
406 , 169 , 120922.29767287834
407 , 169 , 81417.87315433327
408 , 169 , 38152.19912812428
409 , 169 , 12383.910949645164
168 , 170 , 11558.738703181236
169 , 170 , 31855.234341296466
170 , 170 , 49689.03947500813
171 , 170 , 67276.03220545332
172 , 170 , 105667.33876058347
173 , 170 , 170092.47121160367
174 , 170 , 222225.61695590336
175 , 170 , 172218.6049401154
176 , 170 , 23760.312283885694
292 , 170 , 10411.914044670015
297 , 170 , 23849.772303066362
298 , 170 , 121468.71573866197
299 , 170 , 114610.51802114822
300 , 170 , 56968.93362704096
301 , 170 , 18252.206890559828
401 , 170 , 11764.204696738496
402 , 170 , 86068.07383922648
403 , 170 , 189490.33131421456
404 , 170 , 281027.55507156346
405 , 170 , 327432.5406631895
406 , 170 , 283310.52273177134
407 , 170 , 177652.92353200918
408 , 170 , 80176.98738873741
409 , 170 , 24984.506851815262
168 , 171 , 41621.316433489716
169 , 171 , 125564.04354981266
170 , 171 , 180344.16477289493
171 , 171 , 171648.1015238272
172 , 171 , 165874.35452325435
173 , 171 , 198770.3943507177
174 , 171 , 231940.04246211416
175 , 171 , 176763.05560069374
176 , 171 , 47924.91248484318
292 , 171 , 13688.984551608646
297 , 171 , 32939.87530728057
298 , 171 , 158530.79973951276
299 , 171 , 149464.20650630872
300 , 171 , 70830.00049175907
301 , 171 , 18108.02489717517
400 , 171 , 29617.922856428424
401 , 171 , 98577.2446905633
402 , 171 , 212783.53702986444
403 , 171 , 340830.80675945274
404 , 171 , 430162.46302987955
405 , 171 , 451184.75517849514
406 , 171 , 367832.54190660396
407 , 171 , 223638.16410670252
408 , 171 , 97303.79008644621
409 , 171 , 28821.868250195883
168 , 172 , 100301.36750321381
169 , 172 , 305295.98665288975
170 , 172 , 397298.8390161712
171 , 172 , 287068.044184267
172 , 172 , 159823.77125317487
173 , 172 , 129643.43138207722
174 , 172 , 149551.97484744998
175 , 172 , 119532.86557628238
176 , 172 , 41843.20302232966
292 , 172 , 13148.774465243056
297 , 172 , 56702.36344117994
298 , 172 , 196313.84770791844
299 , 172 , 176978.04063589495
300 , 172 , 75299.9925427905
399 , 172 , 11858.45733984355
400 , 172 , 41114.20846283218
401 , 172 , 102290.37947327315
402 , 172 , 191126.57573501294
403 , 172 , 284346.2819944033
404 , 172 , 341096.1665383711
405 , 172 , 346535.05376363767
406 , 172 , 283856.30094662943
407 , 172 , 174723.5833381096
408 , 172 , 73696.62837652623
409 , 172 , 19863.69849360511
168 , 173 , 196123.19842741278
169 , 173 , 529547.0711265625
170 , 173 , 616192.4482104987
171 , 173 , 343431.2176614943
172 , 173 , 58694.459606652614
174 , 173 , 15411.895225367552
175 , 173 , 40819.12386108327
176 , 173 , 21174.986103236395
297 , 173 , 82890.81250160892
298 , 173 , 215241.26027561733
299 , 173 , 181921.0544171174
300 , 173 , 68537.60110105117
347 , 173 , 16973.427022713033
348 , 173 , 45056.074958846526
349 , 173 , 62171.36100051005
350 , 173 , 62462.4241302733
351 , 173 , 44112.176257527084
352 , 173 , 17565.627880714903
400 , 173 , 10064.312998427791
401 , 173 , 18234.011494438353
402 , 173 , 42066.71308786326
403 , 173 , 86796.0535042787
404 , 173 , 122828.24669796502
405 , 173 , 137670.11046147364
406 , 173 , 135191.7331585901
407 , 173 , 97461.76455007913
408 , 173 , 42183.93070950988
168 , 174 , 315686.44467712444
169 , 174 , 723467.8216680316
170 , 174 , 769790.3954233346
171 , 174 , 366410.8093170677
297 , 174 , 87651.47607770262
298 , 174 , 200060.72749970295
299 , 174 , 159607.61368274305
300 , 174 , 55052.39305528658
344 , 174 , 15282.568413563517
345 , 174 , 28593.926401140918
346 , 174 , 62978.82932518852
347 , 174 , 127319.02363681662
348 , 174 , 192776.52252002695
349 , 174 , 210277.32289656103
350 , 174 , 170701.09368807432
351 , 174 , 105440.98231128076
352 , 174 , 44797.33661359486
353 , 174 , 11706.565735580209
404 , 174 , 18234.894293470075
405 , 174 , 28252.7864438823
406 , 174 , 49093.15434788266
407 , 174 , 52733.962880917046
408 , 174 , 25928.940061577243
167 , 175 , 41395.92687029106
168 , 175 , 403454.10480318737
169 , 175 , 797360.6058431729
170 , 175 , 794445.992615422
171 , 175 , 359226.30489457975
297 , 175 , 77298.63341211225
298 , 175 , 168959.95371490013
299 , 175 , 126724.11180213245
300 , 175 , 40716.32133743298
343 , 175 , 16769.87934363309
344 , 175 , 25393.291153471047
345 , 175 , 43270.57909083787
346 , 175 , 82857.85124153826
347 , 175 , 148353.07897147187
348 , 175 , 205042.5171707956
349 , 175 , 207613.32864300974
350 , 175 , 155942.7549363572
351 , 175 , 89493.02753866487
352 , 175 , 35635.90022578539
404 , 175 , 52442.52944623858
405 , 175 , 34385.37214519429
406 , 175 , 29363.64910093532
407 , 175 , 32684.576495290636
408 , 175 , 16344.376417560532
167 , 176 , 85407.93008499347
168 , 176 , 381807.31902406755
169 , 176 , 654118.6240109853
170 , 176 , 594168.6370776761
171 , 176 , 224553.4596686617
297 , 176 , 65525.98154472235
298 , 176 , 126256.0211504157
299 , 176 , 85953.4409989091
300 , 176 , 25472.55865566735
343 , 176 , 12646.005845029245
344 , 176 , 17106.360593949095
345 , 176 , 28153.258980063696
346 , 176 , 54266.28001112405
347 , 176 , 90144.58155081412
348 , 176 , 110517.07268116332
349 , 176 , 98653.1194755439
350 , 176 , 64592.44108478488
351 , 176 , 31431.32347879801
403 , 176 , 17056.30806099622
404 , 176 , 83745.66813143261
405 , 176 , 53218.488133730294
406 , 176 , 26065.667674255237
407 , 176 , 18678.729537414947
167 , 177 , 81353.8502671244
168 , 177 , 246898.31579019057
169 , 177 , 359410.1411967844
170 , 177 , 254217.0432833246
297 , 177 , 46331.43653837123
298 , 177 , 80439.69267238316
299 , 177 , 48379.4302193112
300 , 177 , 12018.866197933461
346 , 177 , 24682.102089632295
347 , 177 , 35409.74062935795
348 , 177 , 32063.217554894138
349 , 177 , 18338.019727131566
403 , 177 , 13440.050996241931
404 , 177 , 62243.76807407131
405 , 177 , 39648.38807186195
406 , 177 , 16021.122202565912
167 , 178 , 40946.86937257336
168 , 178 , 93330.7096873162
169 , 178 , 87153.09590377373
207 , 178 , 12242.075566794185
297 , 178 , 21241.345388772774
298 , 178 , 41887.87553518145
299 , 178 , 22855.57952434725
346 , 178 , 11930.064563986796
347 , 178 , 11788.827216764663
404 , 178 , 28341.897381890434
405 , 178 , 16934.61697207704
167 , 179 , 11407.383329196691
168 , 179 , 12179.192675412454
298 , 179 , 20122.020231986553
299 , 179 , 10793.989933609872
400 , 180 , 17849.449438456926
401 , 180 , 11537.925550993008
102 , 181 , 16094.656527572064
103 , 181 , 26373.18304636066
400 , 181 , 13779.645447557627
100 , 182 , 14903.11220240096
101 , 182 , 46593.363605586885
102 , 182 , 105852.56016966609
103 , 182 , 146847.4414337678
104 , 182 , 100783.5988312129
99 , 183 , 24009.34848433972
100 , 183 , 63478.96671952307
101 , 183 , 128205.40223162739
102 , 183 , 212297.78251728046
103 , 183 , 266742.5704858786
104 , 183 , 217830.4579987763
105 , 183 , 84626.15339000056
208 , 183 , 25542.232250502653
98 , 184 , 16341.468955669297
99 , 184 , 49835.77086373941
100 , 184 , 110592.76712848403
101 , 184 , 183996.7720065313
102 , 184 , 251331.16656120113
103 , 184 , 282998.2452810666
104 , 184 , 233023.91806256247
105 , 184 , 120767.80007883416
106 , 184 , 27018.25861412837
207 , 184 , 15798.020592701738
208 , 184 , 24324.167717778724
209 , 184 , 17094.56704543726
98 , 185 , 21696.860996968608
99 , 185 , 57831.39872370109
100 , 185 , 113728.6836418893
101 , 185 , 166081.42149508133
102 , 185 , 195026.93905851297
103 , 185 , 192982.006291462
104 , 185 , 149735.75092797086
105 , 185 , 81248.89681649112
106 , 185 , 27333.247101460565
207 , 185 , 10134.267796041546
208 , 185 , 10670.385416209283
98 , 186 , 16634.006063892626
99 , 186 , 39139.00471717964
100 , 186 , 68421.32306969668
101 , 186 , 88960.74733215195
102 , 186 , 92082.16776666434
103 , 186 , 79147.96163315099
104 , 186 , 55916.85437020555
105 , 186 , 29910.17448899634
106 , 186 , 10712.082884864025
99 , 187 , 14895.147960414692
100 , 187 , 19433.014933987513
101 , 187 , 15933.504480737713
453 , 190 , 11884.905361504043
454 , 190 , 16894.227483697643
455 , 190 , 20170.325148228032
456 , 190 , 19713.35668580037
457 , 190 , 14664.689234994523
100 , 191 , 10293.11923279216
452 , 191 , 11845.527182541935
453 , 191 , 18491.379375566958
454 , 191 , 22141.689536129958
455 , 191 , 22706.98450603248
456 , 191 , 20753.21756252196
457 , 191 , 19358.18613196026
458 , 191 , 20296.25261506601
459 , 191 , 22535.91694399653
460 , 191 , 20573.112938950653
461 , 191 , 11192.109864075635
100 , 192 , 10169.338842931873
101 , 192 , 21016.57972379453
453 , 192 , 10195.281517106914
454 , 192 , 12759.002620113159
455 , 192 , 18200.97514618978
456 , 192 , 32407.206999351656
457 , 192 , 57751.69382581128
458 , 192 , 82009.90427042515
459 , 192 , 83555.18136503774
460 , 192 , 51819.9238724788
101 , 193 , 21290.106440345513
102 , 193 , 12246.347097559905
454 , 193 , 10344.324327812848
455 , 193 , 25989.490134173964
456 , 193 , 60947.899698839734
457 , 193 , 121602.72177677017
458 , 193 , 194228.96013003853
459 , 193 , 229254.14018088425
460 , 193 , 178418.42345516014
461 , 193 , 77294.50343051436
462 , 193 , 12034.317966948234
464 , 193 , 13787.365223243534
101 , 194 , 12327.549927093572
454 , 194 , 14366.859811394621
455 , 194 , 29228.57478211331
456 , 194 , 60314.015143655066
457 , 194 , 147319.00324874953
458 , 194 , 338073.89853222494
459 , 194 , 561205.2825368787
460 , 194 , 621162.2064888916
461 , 194 , 485637.8531515187
462 , 194 , 314873.9626428065
463 , 194 , 198493.4741310165
464 , 194 , 98112.1062388993
465 , 194 , 27302.61856318567
454 , 195 , 16369.475541945949
455 , 195 , 22799.043615547023
456 , 195 , 37387.22494275401
457 , 195 , 157771.96908918163
458 , 195 , 546286.7529858086
459 , 195 , 1128801.9668954234
460 , 195 , 1468539.9913822622
461 , 195 , 1363351.0135442077
462 , 195 , 1014013.9469022325
463 , 195 , 617501.3776315997
464 , 195 , 262526.4548736983
465 , 195 , 62897.127865655384
102 , 196 , 10661.544723592477
453 , 196 , 10995.426136676495
454 , 196 , 19054.102857747566
455 , 196 , 16136.094820082712
456 , 196 , 17366.932482772245
457 , 196 , 175936.05939828986
458 , 196 , 758640.0881096509
459 , 196 , 1697791.078322041
460 , 196 , 2333653.1979494235
461 , 196 , 2280620.649985998
462 , 196 , 1724134.3498613688
463 , 196 , 994307.3947651321
464 , 196 , 380453.8409707154
465 , 196 , 80257.08652269386
102 , 197 , 12093.908241936075
103 , 197 , 13949.415059268482
453 , 197 , 14555.343811695184
454 , 197 , 16701.83928951447
457 , 197 , 157153.89146278132
458 , 197 , 801995.4050485105
459 , 197 , 1804045.3742226984
460 , 197 , 2439462.1700272467
461 , 197 , 2316236.390776029
462 , 197 , 1648234.4874497843
463 , 197 , 850052.516716285
464 , 197 , 271552.63221601874
465 , 197 , 40416.868725502805
103 , 198 , 17802.684773922752
457 , 198 , 94728.15920618307
458 , 198 , 602720.3743655669
459 , 198 , 1276962.0902245943
460 , 198 , 1568768.9878844195
461 , 198 , 1298115.4335172873
462 , 198 , 741802.6798328948
463 , 198 , 245716.27404357446
103 , 199 , 15046.7398814962
457 , 199 , 37511.77995072224
458 , 199 , 324906.543852471
459 , 199 , 579933.3055892732
460 , 199 , 521029.1449256027
461 , 199 , 188238.92647658353
103 , 200 , 10723.675046637807
457 , 200 , 13550.983036826481
458 , 200 , 138970.2318656369
459 , 200 , 146858.79399904914
457 , 201 , 15003.689538603518
458 , 201 , 62208.60858051808
457 , 202 , 12511.347419129823
458 , 202 , 17002.848938614407
49 , 203 , 13224.101988953955
50 , 203 , 30040.84009697437
51 , 203 , 40803.11653117933
52 , 203 , 41031.500269234115
53 , 203 , 30918.58169380494
54 , 203 , 15504.84960554292
50 , 204 , 46688.946463407075
51 , 204 , 86506.56455696418
52 , 204 , 113763.52883387345
53 , 204 , 113870.896675336
54 , 204 , 78744.83964703348
55 , 204 , 36238.612122458646
56 , 204 , 13303.665349381034
50 , 205 , 34039.904517363524
51 , 205 , 100141.05811108352
52 , 205 , 170127.98281900177
53 , 205 , 211590.2253451078
54 , 205 , 168768.73738796404
55 , 205 , 82027.7491836402
56 , 205 , 26917.46344628516
48 , 206 , 31779.619276034122
49 , 206 , 109016.78681879974
50 , 206 , 224508.78344540868
51 , 206 , 281859.6232911467
52 , 206 , 292424.96344431
53 , 206 , 307216.84359703196
54 , 206 , 247883.09580279852
55 , 206 , 123777.51822558894
56 , 206 , 37316.48712981607
175 , 206 , 45622.807489532104
176 , 206 , 41738.51562824182
177 , 206 , 13082.573586685954
47 , 207 , 44942.89274580745
48 , 207 , 250776.5561568857
49 , 207 , 610833.3810761487
50 , 207 , 937199.7798088102
51 , 207 , 917515.9654788902
52 , 207 , 633647.7925095436
53 , 207 , 418436.4886476369
54 , 207 , 276484.76281620393
55 , 207 , 129640.19210449548
56 , 207 , 28878.578283431852
174 , 207 , 142560.64831442208
175 , 207 , 192837.01390487235
176 , 207 , 108809.51617573103
177 , 207 , 24126.54236283213
47 , 208 , 104049.20479860855
48 , 208 , 558440.2533064957
49 , 208 , 1330753.5011681076
50 , 208 , 1967973.7744961947
51 , 208 , 1850772.388786119
52 , 208 , 1123894.2907253627
53 , 208 , 508246.38179139677
54 , 208 , 211512.29477135887
55 , 208 , 65520.39231679321
173 , 208 , 128510.90151665971
174 , 208 , 308337.9529393754
175 , 208 , 299624.5208864194
176 , 208 , 137212.33447981867
177 , 208 , 10186.40218587331
47 , 209 , 16075.120631636004
48 , 209 , 503649.69575210277
49 , 209 , 1447696.9787025
50 , 209 , 2306044.3478229316
51 , 209 , 2259308.229440623
52 , 209 , 1363135.6968019446
53 , 209 , 504417.58763819723
54 , 209 , 95667.72089547059
172 , 209 , 27593.39007715523
173 , 209 , 197275.23407518247
174 , 209 , 323878.4840265596
175 , 209 , 263364.7484168896
176 , 209 , 80755.92570023666
402 , 209 , 10857.30073353322
49 , 210 , 675299.4532723952
50 , 210 , 1508631.5106395618
51 , 210 , 1705913.3776528686
52 , 210 , 1110195.4753393368
53 , 210 , 391851.67868746904
54 , 210 , 19592.181026736056
172 , 210 , 42240.45710317565
173 , 210 , 151966.65489449407
174 , 210 , 206972.14313319328
175 , 210 , 127075.55735090878
400 , 210 , 16086.47536075716
401 , 210 , 28958.28446985333
402 , 210 , 33750.41531616168
403 , 210 , 24781.962008289105
404 , 210 , 11285.36318206215
50 , 211 , 390770.98748017626
51 , 211 , 793516.7178678757
52 , 211 , 633268.9645892659
53 , 211 , 240326.2352403262
172 , 211 , 24405.872035560635
173 , 211 , 74981.59191649295
174 , 211 , 79520.67254601262
175 , 211 , 10236.152131987925
400 , 211 , 28943.175920991238
401 , 211 , 61734.28613711942
402 , 211 , 73324.57412086138
403 , 211 , 47966.527763921695
404 , 211 , 15301.245130838959
51 , 212 , 124789.10913329676
52 , 212 , 247169.76754774892
53 , 212 , 116770.1718156665
172 , 212 , 10723.300399746418
173 , 212 , 27784.83408040458
174 , 212 , 15549.994775597064
400 , 212 , 40186.48194891535
401 , 212 , 97273.51249104927
402 , 212 , 115471.23056971151
403 , 212 , 70325.98498838351
404 , 212 , 16902.152069947217
52 , 213 , 49068.5150414465
53 , 213 , 46211.085412189364
347 , 213 , 11794.597037786796
348 , 213 , 12784.743287672984
400 , 213 , 49982.50089985044
401 , 213 , 121494.27996735435
402 , 213 , 143728.703858767
403 , 213 , 88892.66172368138
404 , 213 , 23858.375898714476
53 , 214 , 10267.677227323284
346 , 214 , 17717.214603840097
347 , 214 , 36476.28602566759
348 , 214 , 32197.461680531724
400 , 214 , 53480.763151202525
401 , 214 , 120203.1746759073
402 , 214 , 142540.5693385305
403 , 214 , 95946.99119152887
404 , 214 , 36642.52365864605
346 , 215 , 42078.99770702481
347 , 215 , 74460.7653178689
348 , 215 , 57164.75939885227
400 , 215 , 41279.371101387274
401 , 215 , 87231.77663846998
402 , 215 , 103221.96557910755
403 , 215 , 75651.75561502496
404 , 215 , 37709.089604765766
405 , 215 , 14937.304810370631
333 , 216 , 17434.082353131045
334 , 216 , 44953.806155250306
335 , 216 , 52077.52911584696
336 , 216 , 38999.349837526956
337 , 216 , 17346.24238809986
345 , 216 , 25375.24786268695
346 , 216 , 73909.51293036665
347 , 216 , 113373.47461324092
348 , 216 , 79864.15701659495
400 , 216 , 19719.84732982034
401 , 216 , 39792.46628482264
402 , 216 , 44582.86760160313
403 , 216 , 32925.69822277964
404 , 216 , 18052.333853855976
330 , 217 , 17763.149664828266
331 , 217 , 60841.57362073645
332 , 217 , 148450.1624180954
333 , 217 , 255538.06560518904
334 , 217 , 300938.2509862328
335 , 217 , 249192.72853335738
336 , 217 , 145493.98880846918
337 , 217 , 54036.61842736679
338 , 217 , 10000.338221348618
343 , 217 , 11941.07415898167
344 , 217 , 20689.67183250714
345 , 217 , 48953.91967325905
346 , 217 , 101607.06118372169
347 , 217 , 137126.22427006246
348 , 217 , 93579.47551993266
329 , 218 , 15984.81258392903
330 , 218 , 61093.13905678129
331 , 218 , 181118.05561086937
332 , 218 , 393023.7886145826
333 , 218 , 621202.688483169
334 , 218 , 679783.0446775435
335 , 218 , 520056.89725091134
336 , 218 , 279341.74455522833
337 , 218 , 98252.3954446904
338 , 218 , 18948.22154758456
343 , 218 , 11454.876459316829
344 , 218 , 25380.973219880998
345 , 218 , 56803.39736547309
346 , 218 , 102303.70026995399
347 , 218 , 128149.41403107267
348 , 218 , 89816.28934632216
330 , 219 , 37208.595328328345
331 , 219 , 208782.00266133045
332 , 219 , 529316.9111666719
333 , 219 , 876130.1212931026
334 , 219 , 945763.2266293836
335 , 219 , 681994.8700768898
336 , 219 , 336516.5416651097
337 , 219 , 109451.08292015319
338 , 219 , 21236.924268858107
344 , 219 , 12818.78690968439
345 , 219 , 36668.64626248175
346 , 219 , 69837.62881109533
347 , 219 , 88994.17188729702
348 , 219 , 67634.53680949728
349 , 219 , 14821.205491620312
332 , 220 , 288851.4483514434
333 , 220 , 730023.8153321347
334 , 220 , 865639.762540665
335 , 220 , 615081.7623010363
336 , 220 , 277563.4543247208
337 , 220 , 77551.76622862522
338 , 220 , 13824.641886066112
346 , 220 , 25914.554878078772
347 , 220 , 40388.37177792444
348 , 220 , 35706.78195085882
349 , 220 , 13530.184887902711
333 , 221 , 395034.5137536464
334 , 221 , 600668.6290532127
335 , 221 , 449303.75790891366
336 , 221 , 188807.25574369048
337 , 221 , 40649.713308142054
333 , 222 , 276641.36398566805
334 , 222 , 432298.1946346144
335 , 222 , 333830.75692290417
336 , 222 , 135215.3591701506
337 , 222 , 22963.461803040816
332 , 223 , 254440.19725787698
333 , 223 , 453852.5114079382
334 , 223 , 433125.3870604919
335 , 223 , 289082.8056832316
336 , 223 , 109644.43563879472
337 , 223 , 17747.249072410792
331 , 224 , 190921.37692538928
332 , 224 , 650843.7981866441
333 , 224 , 636446.585146475
334 , 224 , 438147.1053973257
335 , 224 , 235983.99295883224
336 , 224 , 78898.4676115397
337 , 224 , 12515.762632025451
384 , 224 , 14608.922125437726
385 , 224 , 17596.31721390434
331 , 225 , 414158.73705063085
332 , 225 , 640816.0172949124
333 , 225 , 513857.82997041586
334 , 225 , 296094.24493992224
335 , 225 , 132458.4905300234
336 , 225 , 38052.15869805958
384 , 225 , 12859.6175960841
385 , 225 , 17733.06194716197
330 , 226 , 86428.73798410849
331 , 226 , 258551.77977251832
332 , 226 , 306426.62988746434
333 , 226 , 208736.84054915863
334 , 226 , 98238.15665045817
335 , 226 , 32211.162989070057
385 , 226 , 10270.848807995573
330 , 227 , 36283.86858617219
331 , 227 , 69406.80866889161
332 , 227 , 59893.17193532674
333 , 227 , 20605.464006320093
134 , 241 , 13300.654895448853
135 , 241 , 21622.228091642522
133 , 242 , 52652.245585433906
134 , 242 , 140656.72557830266
135 , 242 , 97956.43020132533
133 , 243 , 168193.1006023049
134 , 243 , 262617.5294592104
135 , 243 , 151262.44027736987
132 , 244 , 58200.213512600836
133 , 244 , 216654.54665254185
134 , 244 , 283037.1079275826
135 , 244 , 126932.99868676666
132 , 245 , 89137.32176368807
133 , 245 , 193211.97564985146
134 , 245 , 211046.62364465487
135 , 245 , 55443.43518357421
131 , 246 , 27056.96955314588
132 , 246 , 77637.04010171897
133 , 246 , 122458.26081511338
134 , 246 , 110066.07374235385
131 , 247 , 21442.073953054285
132 , 247 , 41890.4590885347
133 , 247 , 52862.34588728639
134 , 247 , 40872.209372127545
132 , 248 , 14732.426055074411
133 , 248 , 15425.134248123897
134 , 248 , 13341.756550258899
135 , 248 , 10444.947521939466
136 , 249 , 10092.158611020628
137 , 249 , 12294.095734764078
138 , 249 , 10134.746732968984
132 , 255 , 10952.95319677067
133 , 255 , 14565.773147048561
134 , 255 , 14758.651055086899
135 , 255 , 12155.35539049493
133 , 256 , 11964.443968223566
134 , 256 , 12421.603532153287
135 , 256 , 10212.032255026123
129 , 259 , 11002.612808355696
130 , 259 , 13277.652522521086
131 , 259 , 12173.283283441093
130 , 260 , 18124.977264364574
131 , 260 , 18452.94455327662
132 , 260 , 14038.951237431533
130 , 261 , 16013.838885169578
131 , 261 , 21700.686061798588
132 , 261 , 18025.99443500413
133 , 261 , 10764.172533869534
131 , 262 , 19608.345616830025
132 , 262 , 20197.109936245215
133 , 262 , 13847.10411573697
131 , 263 , 12041.996176400753
132 , 263 , 17116.325539234178
133 , 263 , 14278.248403599606
52 , 275 , 73422.48974802709
53 , 275 , 42538.51162439816
51 , 276 , 146112.4427312913
52 , 276 , 152822.47136946704
53 , 276 , 58252.03376039173
50 , 277 , 48396.24432267499
51 , 277 , 161644.0713376893
52 , 277 , 122280.0278904505
50 , 278 , 22460.099867568293
51 , 278 , 68261.99627591646
395 , 280 , 18839.971084692857
396 , 280 , 30611.20397949359
397 , 280 , 36307.22385067155
398 , 280 , 29353.88743342743
399 , 280 , 13671.118399827894
449 , 280 , 21670.454611867346
450 , 280 , 11396.547960929085
395 , 281 , 21038.974607977747
396 , 281 , 40345.677062326155
397 , 281 , 55864.93979602576
398 , 281 , 56284.825953521606
399 , 281 , 40740.24156765361
400 , 281 , 19938.436566019758
449 , 281 , 17047.14857040833
450 , 281 , 14022.80361938817
393 , 282 , 14227.514604943257
394 , 282 , 22196.132569147852
395 , 282 , 18734.133060603097
398 , 282 , 13230.305066610832
399 , 282 , 21017.529328435317
400 , 282 , 16181.667415454542
392 , 283 , 30770.944308839084
393 , 283 , 154460.14057060523
394 , 283 , 306617.5002916611
395 , 283 , 358549.7503762808
396 , 283 , 268175.9610165615
397 , 283 , 121903.60449919903
398 , 283 , 23356.45369184656
393 , 284 , 341967.266296282
394 , 284 , 886190.9882240887
395 , 284 , 1154751.9402989754
396 , 284 , 975065.4014802618
397 , 284 , 563858.6499912164
398 , 284 , 208787.35352902464
399 , 284 , 44706.411042296626
393 , 285 , 156711.7010673131
394 , 285 , 1102030.6121419647
395 , 285 , 1658999.554368269
396 , 285 , 1506920.53094359
397 , 285 , 941694.3689691734
398 , 285 , 398260.1280026262
399 , 285 , 109288.32222067524
400 , 285 , 19809.622327675672
394 , 286 , 826505.2904512231
395 , 286 , 1520452.3734253917
396 , 286 , 1467546.329220049
397 , 286 , 941975.8516973582
398 , 286 , 407422.95545526705
399 , 286 , 117036.38412564942
400 , 286 , 22728.76097850548
167 , 287 , 14169.133619564273
168 , 287 , 28591.062048589738
169 , 287 , 26292.447241051723
170 , 287 , 16336.741122448835
394 , 287 , 600101.8206894663
395 , 287 , 1209313.9614354488
396 , 287 , 1185727.1221024508
397 , 287 , 748615.7068888167
398 , 287 , 307539.667070953
399 , 287 , 81355.43014599344
400 , 287 , 14075.810038230411
61 , 288 , 22166.312263108906
166 , 288 , 72110.3802680944
167 , 288 , 123899.56182838036
168 , 288 , 123321.29268149968
169 , 288 , 91774.19074075954
170 , 288 , 56083.02560460787
171 , 288 , 30350.41335873006
172 , 288 , 15562.506502820554
173 , 288 , 10304.568949601578
393 , 288 , 83283.98951523611
394 , 288 , 732397.4928165867
395 , 288 , 1082373.6427146883
396 , 288 , 973296.8598461454
397 , 288 , 585802.8250797214
398 , 288 , 224608.82206774293
399 , 288 , 52259.809811119696
60 , 289 , 17503.611840157082
61 , 289 , 26443.00376558586
165 , 289 , 110804.3887288394
166 , 289 , 227108.85220706515
167 , 289 , 268283.9601322794
168 , 289 , 227193.25712363585
169 , 289 , 162970.29378027472
170 , 289 , 110386.62478688658
171 , 289 , 69484.86327944972
172 , 289 , 37298.501202757936
173 , 289 , 22476.327271242437
174 , 289 , 19832.6440947785
175 , 289 , 16982.37849449902
176 , 289 , 12318.002352424131
392 , 289 , 78063.03334720223
393 , 289 , 553862.5271950103
394 , 289 , 911658.1607551409
395 , 289 , 984840.5973537804
396 , 289 , 776223.3715440679
397 , 289 , 441498.44324279914
398 , 289 , 163497.94096615276
399 , 289 , 36197.01119891575
60 , 290 , 13305.034918033827
61 , 290 , 16898.152640717683
164 , 290 , 52039.30602632757
165 , 290 , 156752.87243557067
166 , 290 , 235088.05998313826
167 , 290 , 238410.1263599547
168 , 290 , 219198.28786975137
169 , 290 , 235316.8376659025
170 , 290 , 248682.35381994006
171 , 290 , 203208.4378584738
172 , 290 , 116473.07202612092
173 , 290 , 58898.87179315761
174 , 290 , 45050.11104964616
175 , 290 , 42734.65294540149
176 , 290 , 34623.88849477986
177 , 290 , 23064.45442654709
178 , 290 , 11984.134027397868
391 , 290 , 31835.091962327017
392 , 290 , 245858.54436203002
393 , 290 , 508282.07820967596
394 , 290 , 658208.7186102603
395 , 290 , 623082.9518345097
396 , 290 , 453509.702552198
397 , 290 , 248883.83746650495
398 , 290 , 91800.63048818662
399 , 290 , 20626.336390114426
164 , 291 , 23410.8860370794
165 , 291 , 48395.85462949051
166 , 291 , 54591.51212991745
167 , 291 , 99371.22966351005
168 , 291 , 296921.112699069
169 , 291 , 601388.4863181857
170 , 291 , 795291.8419429206
171 , 291 , 727970.6980342229
172 , 291 , 457867.66866463615
173 , 291 , 207983.23451760758
174 , 291 , 95783.24403622375
175 , 291 , 71214.87744630294
176 , 291 , 53002.419174636656
177 , 291 , 21996.53270754574
337 , 291 , 11466.905803623042
391 , 291 , 34858.62856941043
392 , 291 , 103014.05219341748
393 , 291 , 183851.9318061114
394 , 291 , 222463.57306521322
395 , 291 , 199426.09469061333
396 , 291 , 139823.8898099065
397 , 291 , 76042.43494693769
398 , 291 , 29102.293378307746
166 , 292 , 21994.39029311115
167 , 292 , 221325.23273111094
168 , 292 , 672676.4806262245
169 , 292 , 1242233.3729305873
170 , 292 , 1628015.9868067235
171 , 292 , 1593087.3338843463
172 , 292 , 1092338.1609771987
173 , 292 , 466894.588283135
174 , 292 , 99673.3460852615
336 , 292 , 16459.924553461522
337 , 292 , 17417.897567071457
165 , 293 , 13640.768764447057
166 , 293 , 101292.4976244758
167 , 293 , 326735.34454387275
168 , 293 , 734810.9731158202
169 , 293 , 1294853.4839160633
170 , 293 , 1861992.0529404525
171 , 293 , 2110898.233024071
172 , 293 , 1614704.794052489
173 , 293 , 627068.7154831851
56 , 294 , 10590.870341293561
57 , 294 , 14711.529522638622
58 , 294 , 17136.062183921073
59 , 294 , 18534.21521813979
60 , 294 , 13100.355073152921
165 , 294 , 23313.29000752642
166 , 294 , 74270.76494521223
167 , 294 , 155746.2971259419
168 , 294 , 303130.74385481945
169 , 294 , 662564.8850117498
170 , 294 , 1329823.8250244954
171 , 294 , 1937042.504271124
172 , 294 , 1659186.8152920639
173 , 294 , 534630.3544066072
58 , 295 , 19521.77070974344
59 , 295 , 26767.123090788307
60 , 295 , 18871.0934772521
169 , 295 , 59685.53818279796
170 , 295 , 631953.616693006
171 , 295 , 1336605.9784419488
172 , 295 , 1268714.361391297
173 , 295 , 296830.4189761777
58 , 296 , 10031.258726454496
59 , 296 , 23199.877589972475
60 , 296 , 15432.268397003583
170 , 296 , 220836.24401828158
171 , 296 , 715484.9498206566
172 , 296 , 750619.9357170968
173 , 296 , 148097.64253313805
59 , 297 , 14223.468556899606
170 , 297 , 88348.02517987089
171 , 297 , 317190.8912242693
172 , 297 , 368339.86063307116
173 , 297 , 115965.38796140347
52 , 298 , 17093.94701120416
53 , 298 , 29156.36437611907
54 , 298 , 28448.92566245873
55 , 298 , 10266.660982121415
60 , 298 , 11619.17112480613
61 , 298 , 11283.599923004655
62 , 298 , 12956.249803608262
63 , 298 , 12956.727272912343
73 , 298 , 17533.709535948376
74 , 298 , 41471.1504052901
75 , 298 , 55110.8082316448
76 , 298 , 33772.71645475857
170 , 298 , 36138.390369521214
171 , 298 , 109047.52251617776
172 , 298 , 140045.83874411992
173 , 298 , 76687.07592580741
174 , 298 , 20422.467982609254
50 , 299 , 16281.150176692776
51 , 299 , 28923.5870469968
52 , 299 , 45193.61274688566
53 , 299 , 58636.966379293786
54 , 299 , 56273.02390574574
55 , 299 , 35185.76813251563
60 , 299 , 15038.077448390537
61 , 299 , 22199.811381272575
62 , 299 , 23949.228454469692
63 , 299 , 17709.677298276005
67 , 299 , 14454.450231234352
68 , 299 , 10113.555640263658
73 , 299 , 22009.23637439
74 , 299 , 42852.976505609084
75 , 299 , 55576.800320261216
76 , 299 , 48433.75252870198
77 , 299 , 39806.99040608981
78 , 299 , 38637.385655865684
171 , 299 , 25123.839231211023
172 , 299 , 35731.491072097015
173 , 299 , 27519.91578027768
174 , 299 , 20314.7697428755
175 , 299 , 18259.671791228506
176 , 299 , 10127.559714653042
49 , 300 , 10774.093230724353
50 , 300 , 19216.860085398745
51 , 300 , 30271.24983380989
52 , 300 , 42467.60678959894
53 , 300 , 50597.25620500154
54 , 300 , 47310.59540929066
55 , 300 , 32245.955704773558
56 , 300 , 13892.304879511645
60 , 300 , 11350.679950751573
61 , 300 , 16515.272508580092
62 , 300 , 15468.366104184817
67 , 300 , 13395.791383006268
73 , 300 , 21515.57306418988
74 , 300 , 37419.76625681147
75 , 300 , 48924.76479832643
76 , 300 , 56651.13725904056
77 , 300 , 71108.4865006554
78 , 300 , 79834.70743617031
79 , 300 , 32712.56041688664
293 , 300 , 10639.072220154429
294 , 300 , 14786.651434268886
50 , 301 , 11061.891271892793
51 , 301 , 15206.719697866327
52 , 301 , 19304.06777022031
53 , 301 , 21384.06833127111
54 , 301 , 19196.116745704436
55 , 301 , 13133.281094995298
73 , 301 , 24410.54979444832
74 , 301 , 38808.601397239945
75 , 301 , 47108.1905275967
76 , 301 , 55569.985300856824
77 , 301 , 72461.70123125674
78 , 301 , 81597.0994800342
79 , 301 , 37985.31742763403
73 , 302 , 24007.48343215021
74 , 302 , 34219.11578873555
75 , 302 , 35751.055373682895
76 , 302 , 37127.65340312196
77 , 302 , 46761.29574322971
78 , 302 , 54015.373145081365
79 , 302 , 28087.0919117237
17 , 303 , 23683.745223552378
18 , 303 , 69670.52245084629
19 , 303 , 98776.89794204144
20 , 303 , 58138.96302857388
73 , 303 , 19300.321023567813
74 , 303 , 24424.494812549397
75 , 303 , 21473.04781963987
76 , 303 , 18701.335181032824
77 , 303 , 22970.186802402015
78 , 303 , 29102.538816883876
79 , 303 , 21531.950676127177
299 , 303 , 242879.78022933658
436 , 303 , 10467.121835599037
16 , 304 , 12269.365212515077
17 , 304 , 79147.32381294882
18 , 304 , 213156.07189707138
19 , 304 , 317647.4737321398
20 , 304 , 260176.38189527072
21 , 304 , 93766.84648240899
73 , 304 , 14923.339601142121
74 , 304 , 17471.12678712477
75 , 304 , 13543.726352931702
78 , 304 , 12786.658786660684
79 , 304 , 15639.955336202667
80 , 304 , 12809.21942127321
298 , 304 , 194443.75734851183
299 , 304 , 537692.1408078796
300 , 304 , 23595.143694105092
435 , 304 , 10204.719928198148
436 , 304 , 10410.801470494505
16 , 305 , 16620.97414042079
17 , 305 , 137615.15061548556
18 , 305 , 379287.35362962715
19 , 305 , 588871.8401999782
20 , 305 , 538330.2548952505
21 , 305 , 279623.8504091768
22 , 305 , 74591.50145764262
23 , 305 , 21126.603180587525
24 , 305 , 20403.523320321867
25 , 305 , 20224.25022493965
26 , 305 , 14292.333863054217
73 , 305 , 13577.132315310322
74 , 305 , 15997.32467297008
75 , 305 , 13280.242411507385
79 , 305 , 10054.249899684986
80 , 305 , 13625.9530481303
298 , 305 , 353800.5435435714
299 , 305 , 575733.6400516434
300 , 305 , 68687.64559550164
435 , 305 , 14539.212475232245
17 , 306 , 124746.52303068843
18 , 306 , 428234.73917243036
19 , 306 , 724665.0642055412
20 , 306 , 722150.0409748363
21 , 306 , 429788.8361204173
22 , 306 , 151916.6874961551
23 , 306 , 47720.60228891327
24 , 306 , 25031.310471414217
25 , 306 , 17223.793120129354
26 , 306 , 10745.182452552432
73 , 306 , 12829.851422069356
74 , 306 , 14559.08880357481
75 , 306 , 12769.240612059806
80 , 306 , 10424.079288391236
298 , 306 , 300811.79946786235
299 , 306 , 367854.34272552736
300 , 306 , 45645.94258737145
434 , 306 , 14668.744450089336
435 , 306 , 10865.630358181512
18 , 307 , 290014.84943024407
19 , 307 , 618548.4669453524
20 , 307 , 693254.503673024
21 , 307 , 454708.8083352535
22 , 307 , 173479.35372127438
23 , 307 , 44534.91853654758
77 , 307 , 10383.672940882963
298 , 307 , 124628.08308936481
299 , 307 , 121852.51130934054
18 , 308 , 45268.12999916036
19 , 308 , 339293.1791192411
20 , 308 , 479304.9935666885
21 , 308 , 353180.16478401335
22 , 308 , 141455.5143342396
23 , 308 , 26459.925009403712
76 , 308 , 11171.206041213227
77 , 308 , 15390.70950724168
78 , 308 , 14640.427319818707
79 , 308 , 10309.924687797124
298 , 308 , 20389.41987145373
299 , 308 , 16472.65688359549
19 , 309 , 62948.09625509818
20 , 309 , 228974.0638129255
21 , 309 , 208512.90629363878
22 , 309 , 89714.6424179316
23 , 309 , 10171.97425007807
77 , 309 , 14826.354860189029
78 , 309 , 15131.86090459977
79 , 309 , 10547.916838654817
430 , 309 , 17493.320912498297
431 , 309 , 10600.813015442858
20 , 310 , 24493.975318263227
21 , 310 , 79256.57226724009
22 , 310 , 42535.26187217339
77 , 310 , 10022.794964487239
78 , 310 , 11499.799436357891
430 , 310 , 35015.98717973051
431 , 310 , 25238.8945985502
22 , 311 , 13644.35550632238
430 , 311 , 32312.271305149774
431 , 311 , 21270.08346003879
430 , 312 , 22279.09816999669
431 , 312 , 11640.591231543607
430 , 313 , 11988.919568947362
95 , 314 , 18284.60574789955
96 , 314 , 13030.986568182328
94 , 315 , 21817.817374770522
95 , 315 , 40605.24572711806
96 , 315 , 29152.986636253467
427 , 315 , 15883.51248987556
428 , 315 , 12400.925336020966
94 , 316 , 17057.836736478926
95 , 316 , 28302.744043515457
96 , 316 , 23568.493171556824
97 , 316 , 12298.040945383735
98 , 316 , 19161.80098518195
99 , 316 , 39925.906240473734
100 , 316 , 40384.03835859202
335 , 316 , 160342.89801296103
336 , 316 , 697201.505165692
337 , 316 , 809107.9938331796
338 , 316 , 633611.4599805658
339 , 316 , 386583.4192084846
340 , 316 , 192792.91065387573
341 , 316 , 74261.25322618458
342 , 316 , 20561.385564866374
427 , 316 , 16134.937331635077
95 , 317 , 12690.598708496704
96 , 317 , 18323.709227573232
97 , 317 , 39438.47462464195
98 , 317 , 76452.71083388999
99 , 317 , 100243.32645232129
100 , 317 , 82129.41523798302
101 , 317 , 27409.257009747525
334 , 317 , 162299.11866188014
335 , 317 , 975279.9158028677
336 , 317 , 1988294.4238781915
337 , 317 , 2599799.812342168
338 , 317 , 2498971.803505636
339 , 317 , 1829413.3288325258
340 , 317 , 987265.6490597395
341 , 317 , 373991.8326066146
342 , 317 , 92594.74922018476
343 , 317 , 13970.649844433457
96 , 318 , 14944.963945416901
97 , 318 , 38293.52776912645
98 , 318 , 68546.74329572353
99 , 318 , 81176.6866027942
100 , 318 , 61698.87690382516
101 , 318 , 17880.014361228852
333 , 318 , 117626.42049010603
334 , 318 , 525814.5355107996
335 , 318 , 1511938.2404362191
336 , 318 , 2908709.4479506495
337 , 318 , 4010807.856339789
338 , 318 , 4100372.402578921
339 , 318 , 3150430.7514019636
340 , 318 , 1745878.7355781787
341 , 318 , 667901.7125735406
342 , 318 , 163367.1014395635
343 , 318 , 23945.705466123505
97 , 319 , 18602.80783657877
98 , 319 , 31246.53651943004
99 , 319 , 35966.89471882335
100 , 319 , 29136.873447932296
101 , 319 , 11976.173825407503
332 , 319 , 42547.51643962488
333 , 319 , 173070.74625302776
334 , 319 , 546018.57991132
335 , 319 , 1386049.8483735723
336 , 319 , 2595310.768707115
337 , 319 , 3604407.2256000107
338 , 319 , 3719459.186698814
339 , 319 , 2859986.311329458
340 , 319 , 1565980.0059919804
341 , 319 , 583358.590814597
342 , 319 , 135383.47491715377
343 , 319 , 17842.012802601603
99 , 320 , 11141.930345842607
100 , 320 , 14513.471269991593
101 , 320 , 15000.083096277012
332 , 320 , 28252.311111868745
333 , 320 , 92490.36612529747
334 , 320 , 262049.9681750405
335 , 320 , 647823.9479870221
336 , 320 , 1226901.1743223334
337 , 320 , 1742810.0960046304
338 , 320 , 1817768.3415144924
339 , 320 , 1374628.8735872344
340 , 320 , 709375.5828361838
341 , 320 , 227432.39053845865
342 , 320 , 33806.08238677653
100 , 321 , 10663.030740784092
101 , 321 , 14211.395026808226
275 , 321 , 197302.6458002869
276 , 321 , 357672.509711578
277 , 321 , 235049.78141407832
278 , 321 , 57733.893217079574
279 , 321 , 14930.106196806591
336 , 321 , 40120.79128170019
337 , 321 , 231970.16417737142
338 , 321 , 355707.8086354486
339 , 321 , 295553.2504333297
340 , 321 , 122672.85940097214
272 , 322 , 95196.56713756442
273 , 322 , 687343.4219469328
274 , 322 , 1734392.9894406777
275 , 322 , 2657120.1520583713
276 , 322 , 2780686.1755112773
277 , 322 , 2037193.0552716898
278 , 322 , 1061318.331034657
279 , 322 , 440878.76148208743
280 , 322 , 145722.13501359773
281 , 322 , 38959.764116501385
272 , 323 , 263640.04941568105
273 , 323 , 1206626.2402324995
274 , 323 , 2652364.6237201598
275 , 323 , 3784430.3295385293
276 , 323 , 3744490.3489137692
277 , 323 , 2583658.901047267
278 , 323 , 1232389.9595180727
279 , 323 , 444132.67197007226
280 , 323 , 117612.77736752562
281 , 323 , 20378.785570314038
339 , 323 , 18052.331110286672
421 , 323 , 17489.246524677423
107 , 324 , 24827.39708781567
108 , 324 , 43967.30571946451
109 , 324 , 26044.099499055068
272 , 324 , 218814.35637152242
273 , 324 , 1054893.8556139455
274 , 324 , 2337380.482975113
275 , 324 , 3295447.6599740963
276 , 324 , 3109151.341881178
277 , 324 , 1931170.855382277
278 , 324 , 737285.9820884259
279 , 324 , 155758.8464959109
339 , 324 , 10518.6962407424
421 , 324 , 28063.31670278582
95 , 325 , 18181.762095550832
96 , 325 , 18508.08332970824
97 , 325 , 12636.432332631504
106 , 325 , 14395.003852577544
107 , 325 , 38048.55568976267
108 , 325 , 43060.30679556825
109 , 325 , 16252.619564740206
272 , 325 , 139878.74161393056
273 , 325 , 747208.1400662136
274 , 325 , 1684710.8809772101
275 , 325 , 2299402.361327219
276 , 325 , 1963610.5439221407
277 , 325 , 956289.8245497672
278 , 325 , 111402.22998758254
420 , 325 , 11646.10599404214
421 , 325 , 26713.15776749417
94 , 326 , 49102.76145433905
95 , 326 , 87833.00969233096
96 , 326 , 67505.52907249532
97 , 326 , 31398.608303117053
106 , 326 , 10299.814574536485
107 , 326 , 20702.53361705846
108 , 326 , 20586.803047061207
109 , 326 , 12305.647340808842
272 , 326 , 65878.09981262125
273 , 326 , 456582.90537583735
274 , 326 , 1034657.080350134
275 , 326 , 1311923.6269409417
276 , 326 , 934331.2360373775
277 , 326 , 218104.46183115576
420 , 326 , 15271.09615363685
421 , 326 , 19652.338314053908
93 , 327 , 52936.93430902483
94 , 327 , 316338.39143020543
95 , 327 , 345109.0052765113
96 , 327 , 197690.02150207665
97 , 327 , 59693.591887784845
108 , 327 , 11214.004002821554
109 , 327 , 20651.11646323449
110 , 327 , 33157.97589202409
111 , 327 , 19393.3055693441
272 , 327 , 19525.645568633598
273 , 327 , 241530.18250704888
274 , 327 , 533213.1153668133
275 , 327 , 599020.0976370822
276 , 327 , 304643.66148794175
418 , 327 , 19986.14831312759
420 , 327 , 12681.217066612498
421 , 327 , 11658.87199119679
93 , 328 , 540646.8148741493
94 , 328 , 1048466.1135681074
95 , 328 , 921919.1791038944
96 , 328 , 450390.8399815781
97 , 328 , 97363.7353852973
109 , 328 , 17904.44671151796
110 , 328 , 27640.0111582461
111 , 328 , 17694.724976823985
273 , 328 , 114389.32499149791
274 , 328 , 233232.64953475364
275 , 328 , 218580.4739738843
276 , 328 , 48983.080763505044
418 , 328 , 16799.301117326453
92 , 329 , 194863.53503937589
93 , 329 , 1430271.1709139298
94 , 329 , 2160057.4278093902
95 , 329 , 1751624.1710597526
96 , 329 , 822859.7084224998
97 , 329 , 169291.97464434808
110 , 329 , 14343.827032565317
111 , 329 , 12184.259809755784
273 , 329 , 57089.882162667745
274 , 329 , 97329.70258402114
275 , 329 , 74256.54468005314
92 , 330 , 662830.0019620088
93 , 330 , 2210965.1323876767
94 , 330 , 3030652.588866482
95 , 330 , 2405775.757398221
96 , 330 , 1158410.5064961622
97 , 330 , 271545.312106178
111 , 330 , 12567.082590595255
112 , 330 , 10687.816967259945
273 , 330 , 23528.120319947604
274 , 330 , 35927.934363914064
275 , 330 , 25174.605464495995
54 , 331 , 10767.612028328113
92 , 331 , 851130.4472881951
93 , 331 , 2222168.023609804
94 , 331 , 2868945.4667030973
95 , 331 , 2206500.365569913
96 , 331 , 1019407.6102449866
97 , 331 , 190176.7777366438
112 , 331 , 10234.867836973452
52 , 332 , 31026.4917573754
53 , 332 , 64812.87837657197
54 , 332 , 62404.12287193659
55 , 332 , 15362.045306868738
91 , 332 , 62505.01981578593
92 , 332 , 612089.8758392739
93 , 332 , 1378559.7608036632
94 , 332 , 1617401.9515869888
95 , 332 , 1053071.8789965976
96 , 332 , 263762.89059861377
51 , 333 , 43975.391030646846
52 , 333 , 147552.01707825557
53 , 333 , 227123.6728086063
54 , 333 , 168890.4226890383
91 , 333 , 48037.71071728428
92 , 333 , 230457.79205014615
93 , 333 , 425351.6297102152
94 , 333 , 297681.76348250255
316 , 333 , 14599.48236487259
317 , 333 , 11322.66615952574
50 , 334 , 26755.565920103487
51 , 334 , 139063.70063687643
52 , 334 , 317896.7283356674
53 , 334 , 412275.2396399746
54 , 334 , 240408.6055023621
92 , 334 , 27313.745021528444
315 , 334 , 25580.58681454959
316 , 334 , 64831.60506577241
317 , 334 , 61673.65732330244
49 , 335 , 11540.853516419107
50 , 335 , 66789.12638979255
51 , 335 , 209688.83612543385
52 , 335 , 403023.21287939657
53 , 335 , 464293.1002674022
54 , 335 , 204406.58055846905
315 , 335 , 13644.049689134
316 , 335 , 137664.02535682125
317 , 335 , 160041.54190865927
49 , 336 , 18114.583383966583
50 , 336 , 74966.82753242247
51 , 336 , 203898.01806145033
52 , 336 , 358702.034461625
53 , 336 , 378901.9827000669
54 , 336 , 122832.46207547485
316 , 336 , 159742.18265816406
317 , 336 , 258073.08050424512
318 , 336 , 85013.48028635303
49 , 337 , 15582.19492391292
50 , 337 , 62587.8504999017
51 , 337 , 161955.9461145784
52 , 337 , 269075.4576177931
53 , 337 , 272254.26973986416
54 , 337 , 91688.09359813982
316 , 337 , 114560.48324340791
317 , 337 , 303179.1185235387
318 , 337 , 173688.88763199002
49 , 338 , 11693.489912940533
50 , 338 , 47738.14111073686
51 , 338 , 121733.93864976792
52 , 338 , 199604.77493729402
53 , 338 , 215450.89297235204
54 , 338 , 127511.2201906266
316 , 338 , 86816.59787524876
317 , 338 , 291070.4304440577
318 , 338 , 209480.13039559795
319 , 338 , 26104.52314582112
50 , 339 , 31751.970193893623
51 , 339 , 82584.80439442156
52 , 339 , 140186.35614288447
53 , 339 , 166146.05440691847
54 , 339 , 132462.52424021426
55 , 339 , 61035.93224543965
316 , 339 , 151085.67742680747
317 , 339 , 277128.48819685186
318 , 339 , 203708.43569182322
319 , 339 , 67818.81304258747
50 , 340 , 12688.235732251653
51 , 340 , 35133.51961119247
52 , 340 , 63307.469744043345
53 , 340 , 79322.79760834687
54 , 340 , 68475.78987694069
55 , 340 , 37707.82402526241
56 , 340 , 11420.983299342233
315 , 340 , 118377.30088438687
316 , 340 , 248535.70049952454
317 , 340 , 262610.2479090482
318 , 340 , 171213.27557710145
319 , 340 , 64373.22246711268
320 , 340 , 10381.604345110602
53 , 341 , 11235.260232023364
54 , 341 , 12604.472878738976
314 , 341 , 115164.34467399247
315 , 341 , 213199.91501322435
316 , 341 , 233964.3583463013
317 , 341 , 186862.13039133197
318 , 341 , 104400.06216451779
319 , 341 , 36106.551306631496
313 , 342 , 40128.25466003108
314 , 342 , 100537.3859061999
315 , 342 , 132265.71771826374
316 , 342 , 116614.67252903292
317 , 342 , 76268.90816445713
318 , 342 , 35235.92321030223
319 , 342 , 10217.859594487758
313 , 343 , 20731.556321241187
314 , 343 , 38768.43947248813
315 , 343 , 40749.67803694977
316 , 343 , 27349.664976638513
317 , 343 , 11805.038342001963
398 , 344 , 21706.819480193342
397 , 345 , 16571.131662602573
398 , 345 , 31882.446777241632
397 , 346 , 27761.80492057957
398 , 346 , 25182.93274246347
397 , 347 , 15689.650689051894
146 , 355 , 10625.651643424262
389 , 355 , 39965.91502080191
390 , 355 , 65815.2255166271
389 , 356 , 54101.17828640452
390 , 356 , 147464.78550314077
391 , 356 , 66232.35632575606
399 , 356 , 13419.367868529876
149 , 358 , 12884.324615930296
150 , 358 , 13924.874076982742
338 , 358 , 14362.412207425557
339 , 358 , 40998.005520169034
340 , 358 , 76451.97621365184
341 , 358 , 87557.79052310977
342 , 358 , 58016.994226536684
343 , 358 , 18511.609734990023
336 , 359 , 21504.218035665188
337 , 359 , 77560.88123146286
338 , 359 , 197248.9352404377
339 , 359 , 358508.66996668605
340 , 359 , 463522.58385529544
341 , 359 , 402081.2420493936
342 , 359 , 192998.832920335
336 , 360 , 54126.432098531
337 , 360 , 194006.999113115
338 , 360 , 447205.746190767
339 , 360 , 721233.8292002879
340 , 360 , 807427.0187088535
341 , 360 , 543735.5274142998
342 , 360 , 43789.014680873894
266 , 361 , 10827.551581984992
267 , 361 , 35495.666173136684
268 , 361 , 56714.65198380452
269 , 361 , 57496.46024394775
270 , 361 , 49186.808971038954
271 , 361 , 34702.09537432308
272 , 361 , 15811.80225937744
335 , 361 , 12025.203261148468
336 , 361 , 71582.3270615118
337 , 361 , 248217.19572547518
338 , 361 , 531037.3995308351
339 , 361 , 752261.9028793467
340 , 361 , 650415.7154398507
341 , 361 , 121721.29062606976
267 , 362 , 42413.75074313162
268 , 362 , 108051.43619515261
269 , 362 , 131521.3556922063
270 , 362 , 131920.1814065702
271 , 362 , 99756.94857556061
272 , 362 , 45307.87037525168
273 , 362 , 10358.992484797785
335 , 362 , 14385.640204083069
336 , 362 , 80639.49019799291
337 , 362 , 273765.578772916
338 , 362 , 558697.6666132021
339 , 362 , 695058.1286078789
340 , 362 , 389314.4402386049
171 , 363 , 16530.39898770047
172 , 363 , 10759.79560255359
268 , 363 , 12185.389045320277
269 , 363 , 186663.10298455897
270 , 363 , 272815.38908819226
271 , 363 , 221873.15313485253
272 , 363 , 99902.6210276334
273 , 363 , 21534.494685465732
335 , 363 , 27720.95870524802
336 , 363 , 132044.74110704352
337 , 363 , 407345.53948601923
338 , 363 , 798805.459074024
339 , 363 , 977704.0886834685
340 , 363 , 579461.3672133639
171 , 364 , 16293.53066450695
172 , 364 , 17141.063961945565
173 , 364 , 13236.96818913745
174 , 364 , 15140.727282369564
175 , 364 , 13192.444367943845
269 , 364 , 412566.70492794435
270 , 364 , 622680.9990566332
271 , 364 , 474154.2535129007
272 , 364 , 204191.27428750502
273 , 364 , 43299.041707319804
334 , 364 , 10482.242811485376
335 , 364 , 58422.06315455509
336 , 364 , 233371.69600201084
337 , 364 , 637199.7023931738
338 , 364 , 1188262.0958427368
339 , 364 , 1495117.559458567
340 , 364 , 1140687.2971743597
341 , 364 , 253688.7740860721
386 , 364 , 20490.80248837613
387 , 364 , 11425.563374103796
158 , 365 , 15020.712822962147
159 , 365 , 25226.79444026679
173 , 365 , 54378.99259035065
174 , 365 , 83849.83761856849
175 , 365 , 58639.79383149367
268 , 365 , 196006.16209349665
269 , 365 , 1146608.2431838913
270 , 365 , 1379243.4298771601
271 , 365 , 959400.5332156443
272 , 365 , 408188.9467843225
273 , 365 , 95385.55078248621
334 , 365 , 15110.432464078276
335 , 365 , 73947.20827150886
336 , 365 , 263927.93148080725
337 , 365 , 671440.9271332382
338 , 365 , 1215381.9097604444
339 , 365 , 1559247.6888160335
340 , 365 , 1349461.6309539336
341 , 365 , 687701.6362708907
342 , 365 , 11238.507144890376
386 , 365 , 10321.10329322291
39 , 366 , 37003.98455544095
40 , 366 , 32698.663002158282
41 , 366 , 17306.32890411521
158 , 366 , 11337.085055485246
159 , 366 , 33444.887766026455
160 , 366 , 35159.18051258309
173 , 366 , 84274.3891707653
174 , 366 , 127420.7547530178
268 , 366 , 1008580.4675811857
269 , 366 , 2271763.8885711003
270 , 366 , 2389150.6484648082
271 , 366 , 1597802.5896440796
272 , 366 , 696067.149376873
273 , 366 , 182170.63752627946
274 , 366 , 21801.447452357774
335 , 366 , 34836.56271013277
336 , 366 , 124861.88122504133
337 , 366 , 333327.48949617066
338 , 366 , 631926.9328526367
339 , 366 , 849697.6043964372
340 , 366 , 793287.3540597972
341 , 366 , 494983.12120868394
342 , 366 , 170677.37041820603
31 , 367 , 11245.26333575878
38 , 367 , 38309.31775379146
39 , 367 , 122580.40882338796
40 , 367 , 87779.44434345265
41 , 367 , 32878.677075303436
42 , 367 , 12908.435379414972
159 , 367 , 25097.30396886306
160 , 367 , 33095.77406399565
267 , 367 , 113463.56344903097
268 , 367 , 1799661.8092076383
269 , 367 , 3051725.4751075385
270 , 367 , 2980954.8571699862
271 , 367 , 1954298.1204336805
272 , 367 , 863372.8249818457
273 , 367 , 236119.69633548448
274 , 367 , 30895.22571372366
338 , 367 , 36066.45136819835
339 , 367 , 128567.03693426322
340 , 367 , 165817.07750811998
341 , 367 , 124438.26004124855
342 , 367 , 56570.70420789491
343 , 367 , 16260.135287502064
345 , 367 , 11981.538825180573
346 , 367 , 11935.506786295617
38 , 368 , 111350.31618976087
39 , 368 , 202650.60783389458
40 , 368 , 116811.70497270557
41 , 368 , 18395.055136584197
43 , 368 , 13534.23365243624
44 , 368 , 11758.094090405499
93 , 368 , 18489.009127091922
94 , 368 , 20817.1580838609
101 , 368 , 17937.266687358544
159 , 368 , 14606.494997691043
160 , 368 , 20118.683733424215
267 , 368 , 568964.3493537239
268 , 368 , 1817950.1050740103
269 , 368 , 2648797.6468186593
270 , 368 , 2435086.680145537
271 , 368 , 1538234.4434420469
272 , 368 , 649527.1495697242
273 , 368 , 157514.69894098022
274 , 368 , 11202.33739971061
38 , 369 , 138390.86126820662
39 , 369 , 202106.1398684453
40 , 369 , 93939.64760989347
42 , 369 , 15623.696973878192
43 , 369 , 50033.31229121724
44 , 369 , 40291.74840305837
45 , 369 , 16686.577839185706
92 , 369 , 10841.22234633617
93 , 369 , 43144.91958215022
94 , 369 , 89863.35851962853
95 , 369 , 114040.95729927049
96 , 369 , 112378.0895609057
97 , 369 , 106281.3796931468
98 , 369 , 108586.32116120821
99 , 369 , 110594.6388190359
100 , 369 , 92047.70530857031
101 , 369 , 50953.44309134081
102 , 369 , 17907.376767363123
266 , 369 , 35538.23763909792
267 , 369 , 455315.7860786
268 , 369 , 1024770.5877129666
269 , 369 , 1319563.660731746
270 , 369 , 1083595.9472735098
271 , 369 , 568398.3328545216
272 , 369 , 141929.98353521788
38 , 370 , 106550.09765586065
39 , 370 , 137692.59520049705
40 , 370 , 59383.65001843593
41 , 370 , 23409.435661845782
42 , 370 , 85158.32044418828
43 , 370 , 126860.03058133624
44 , 370 , 89807.28263801734
45 , 370 , 34541.81382822312
92 , 370 , 21089.211036014072
93 , 370 , 68417.97851599776
94 , 370 , 127917.03120435996
95 , 370 , 151349.80746793607
96 , 370 , 133297.14794506785
97 , 370 , 110022.28827169025
98 , 370 , 123393.95068875467
99 , 370 , 146372.2347285098
100 , 370 , 127097.74960223908
101 , 370 , 68179.00325254333
102 , 370 , 20174.34134374735
204 , 370 , 43081.2435405195
266 , 370 , 38835.80299815533
267 , 370 , 149362.50110438996
268 , 370 , 253786.79253613082
269 , 370 , 201303.60920178244
38 , 371 , 53521.495286874444
39 , 371 , 62431.102514853555
40 , 371 , 32026.408137147722
41 , 371 , 56312.179714863334
42 , 371 , 139553.1608355766
43 , 371 , 169316.53699899116
44 , 371 , 107134.86686462161
45 , 371 , 31289.387185552936
92 , 371 , 18039.66358096947
93 , 371 , 25795.00458943995
99 , 371 , 78234.11610065325
100 , 371 , 113384.86388655237
101 , 371 , 59325.08959955048
102 , 371 , 10249.735383742785
202 , 371 , 15387.199182413373
203 , 371 , 145821.7208237159
204 , 371 , 155190.80869737588
205 , 371 , 53224.3284023389
206 , 371 , 54962.36051532833
207 , 371 , 126903.12302985654
208 , 371 , 122240.55640383037
209 , 371 , 63042.24874539861
210 , 371 , 31612.55505739039
211 , 371 , 25765.093518416485
212 , 371 , 10319.72211947263
229 , 371 , 19169.989413038023
230 , 371 , 31531.9730604113
231 , 371 , 24293.655568167003
232 , 371 , 13653.722990725739
233 , 371 , 12628.877845978783
234 , 371 , 16240.0270940175
235 , 371 , 17502.422906944346
236 , 371 , 16035.196165188068
237 , 371 , 14302.323455454953
238 , 371 , 11501.60191063332
267 , 371 , 13784.612764514748
38 , 372 , 18288.72865773236
39 , 372 , 18765.597127587855
40 , 372 , 16546.48101016016
41 , 372 , 52071.37871818562
42 , 372 , 106166.67430045975
43 , 372 , 108631.4826550792
44 , 372 , 47342.3484276495
49 , 372 , 10066.326606142084
100 , 372 , 74872.58599693511
101 , 372 , 32465.59616968315
171 , 372 , 10864.054186905181
186 , 372 , 17391.022651579144
187 , 372 , 36519.2963675589
188 , 372 , 23353.1150363149
189 , 372 , 18651.210337951896
190 , 372 , 13722.47759661646
199 , 372 , 11595.576551399216
200 , 372 , 21377.402058769756
201 , 372 , 15080.280875694343
202 , 372 , 33196.55582363257
203 , 372 , 60485.5216087792
204 , 372 , 51114.27984142181
205 , 372 , 24819.256089162667
206 , 372 , 27788.557573525726
207 , 372 , 41320.74204418335
208 , 372 , 37296.4348913313
209 , 372 , 25502.42261111497
210 , 372 , 18253.95194448665
211 , 372 , 13936.444489465008
41 , 373 , 18320.053598677943
42 , 373 , 26518.090341479263
50 , 373 , 12326.607824747083
100 , 373 , 35517.42097370478
171 , 373 , 12437.219329152416
172 , 373 , 12590.21092006789
185 , 373 , 16600.263358203385
186 , 373 , 30649.556840954127
187 , 373 , 27763.993106576778
188 , 373 , 18310.67504550224
189 , 373 , 14090.920869577629
190 , 373 , 10143.418511948154
203 , 373 , 10140.785623688022
50 , 374 , 11832.059663402024
51 , 374 , 10440.93306188798
100 , 374 , 10202.144397152733
51 , 375 , 11929.882863968789
100 , 377 , 11208.621287025166
196 , 377 , 11246.257829927983
197 , 377 , 12545.933582564146
198 , 377 , 14876.595442364247
199 , 377 , 28025.250375652275
200 , 377 , 42122.90936903258
201 , 377 , 38197.72489472203
202 , 377 , 24955.67402716534
203 , 377 , 22056.162521434617
204 , 377 , 26591.99116067157
205 , 377 , 20888.30081757512
206 , 377 , 11024.553484941813
195 , 378 , 10732.58992335153
196 , 378 , 15522.161093670975
197 , 378 , 14038.746892597304
198 , 378 , 27932.43315608706
199 , 378 , 80395.90607830441
200 , 378 , 129138.77230675744
201 , 378 , 100137.78937716995
202 , 378 , 37201.084778397795
203 , 378 , 28712.20475276545
204 , 378 , 47773.16502926951
205 , 378 , 31914.392590098523
206 , 378 , 12049.327435463303
207 , 378 , 14589.582754914452
208 , 378 , 15367.214439789539
55 , 379 , 16907.89242550805
56 , 379 , 20784.645821950886
57 , 379 , 15812.135786899351
195 , 379 , 10558.060242879139
198 , 379 , 34403.08711585053
199 , 379 , 159250.0482955018
200 , 379 , 262598.3665580292
201 , 379 , 182383.85587494393
202 , 379 , 33381.20374566222
204 , 379 , 37346.5313631734
207 , 379 , 20098.858796258966
208 , 379 , 25006.7349583978
209 , 379 , 11189.015490612375
54 , 380 , 39831.862147777254
55 , 380 , 97278.87858042905
56 , 380 , 107131.63757495463
57 , 380 , 86777.30245608444
58 , 380 , 50512.19537052282
59 , 380 , 12214.899052516514
95 , 380 , 24652.379340482985
96 , 380 , 18270.994926183837
198 , 380 , 23534.319008277453
199 , 380 , 225230.18445836654
200 , 380 , 374795.5982167355
201 , 380 , 240704.62056774768
202 , 380 , 12324.955948146555
207 , 380 , 23285.206282440617
208 , 380 , 25856.04698609757
53 , 381 , 99247.41455130174
54 , 381 , 261046.85131276707
55 , 381 , 368702.2025608222
56 , 381 , 369739.468101656
57 , 381 , 277994.10973007185
58 , 381 , 107660.68467871746
95 , 381 , 11219.233793096992
199 , 381 , 234963.48677061964
200 , 381 , 387775.50278002303
201 , 381 , 234681.08310502057
207 , 381 , 13635.578687739006
51 , 382 , 37475.80420100753
52 , 382 , 139565.9277467142
53 , 382 , 309796.82093013823
54 , 382 , 513553.19814521633
55 , 382 , 656845.4995762787
56 , 382 , 613451.4138806915
57 , 382 , 372809.70664849214
128 , 382 , 12255.057075402556
129 , 382 , 11294.232184636257
199 , 382 , 177469.762363222
200 , 382 , 280953.2044322344
201 , 382 , 163980.40610322688
47 , 383 , 18293.65138235702
48 , 383 , 39052.26832195046
49 , 383 , 69146.324802512
50 , 383 , 108354.54363498135
51 , 383 , 149995.0891725219
52 , 383 , 201872.05054751504
53 , 383 , 293132.32803662214
54 , 383 , 435247.4405174758
55 , 383 , 539315.7577563447
56 , 383 , 431094.48951939563
57 , 383 , 59018.8286890795
127 , 383 , 10346.008187790872
128 , 383 , 16231.051334116755
129 , 383 , 16382.25545985402
130 , 383 , 11525.041845139433
199 , 383 , 95839.44821608663
200 , 383 , 139606.6583520852
201 , 383 , 80698.0230947691
47 , 384 , 15814.935154629016
48 , 384 , 35030.99054740094
49 , 384 , 64289.79564315725
50 , 384 , 95032.12519492547
51 , 384 , 101993.11880676681
52 , 384 , 66193.60505933221
53 , 384 , 20459.7390202299
54 , 384 , 18118.979823526694
55 , 384 , 20072.409421516815
128 , 384 , 15019.82755025412
129 , 384 , 16528.660495362037
130 , 384 , 13757.066828997931
131 , 384 , 10904.425257045226
199 , 384 , 34373.914107049175
200 , 384 , 44492.80906964087
201 , 384 , 26868.38053825833
48 , 385 , 12318.268169744973
49 , 385 , 22653.713021177733
50 , 385 , 27669.50206810402
129 , 385 , 11325.309165572184
130 , 385 , 10519.447001215125
225 , 389 , 12957.135744230349
229 , 391 , 14053.556583482541
230 , 391 , 15891.899384312503
230 , 392 , 17677.67277542501
231 , 392 , 11905.636485836285
231 , 393 , 10604.808994384786
231 , 394 , 11688.168988835961
232 , 394 , 13387.184087989595
266 , 394 , 12656.392096480755
230 , 395 , 11905.428986061263
231 , 395 , 21571.33065279056
232 , 395 , 17512.70033456213
266 , 395 , 18132.463576661015
221 , 396 , 11766.75938212303
222 , 396 , 10235.413105609761
229 , 396 , 27119.93996914933
230 , 396 , 32563.297582855448
231 , 396 , 22717.02388300431
232 , 396 , 10657.067826198778
266 , 396 , 23103.770554961302
339 , 396 , 19344.806299513377
340 , 396 , 10038.656819785023
227 , 397 , 18073.83063356457
228 , 397 , 32645.26755038598
229 , 397 , 29774.392363257124
230 , 397 , 15828.650352794211
266 , 397 , 26247.34580954816
339 , 397 , 23135.425153740667
227 , 398 , 12887.673868845472
228 , 398 , 10242.078444923303
266 , 398 , 22422.233553125712
339 , 398 , 19596.469250639682
476 , 398 , 12653.349853424457
229 , 399 , 15216.846076637026
230 , 399 , 41320.81621981022
231 , 399 , 31037.00398225445
266 , 399 , 16379.180670162703
339 , 399 , 13295.80162998815
228 , 400 , 17592.02862592996
229 , 400 , 62046.01614390106
230 , 400 , 100935.38009795475
231 , 400 , 77395.48745639586
232 , 400 , 22937.253431687597
236 , 400 , 12873.001231868337
266 , 400 , 12184.976156812088
228 , 401 , 32463.885508486732
229 , 401 , 82029.9590935025
230 , 401 , 117178.67410087917
231 , 401 , 122640.9391402818
232 , 401 , 142902.36320899744
233 , 401 , 151967.48061182527
234 , 401 , 124726.4908077782
235 , 401 , 87323.21955261487
236 , 401 , 52495.71919104985
237 , 401 , 21511.037748360468
479 , 401 , 24926.422719931223
480 , 401 , 20707.69920280235
228 , 402 , 30139.036600845604
229 , 402 , 68007.13942607527
230 , 402 , 115971.30779916386
231 , 402 , 225606.51819537976
232 , 402 , 397966.8514114419
233 , 402 , 470673.84907986113
234 , 402 , 385011.7550450082
235 , 402 , 234880.65007910237
236 , 402 , 107146.41510474538
237 , 402 , 33864.3347792403
338 , 402 , 12325.723248737158
470 , 402 , 14012.747802451671
471 , 402 , 35385.17668557045
472 , 402 , 53263.88676144894
473 , 402 , 39535.37857842124
477 , 402 , 35894.94508547959
478 , 402 , 101657.83663817393
479 , 402 , 106240.80736935907
480 , 402 , 58669.0282957585
481 , 402 , 15335.865178913751
228 , 403 , 21373.23231460235
229 , 403 , 50828.24482894499
230 , 403 , 137888.4645232213
231 , 403 , 372356.7971395736
232 , 403 , 664168.4014797722
233 , 403 , 747381.2885146025
234 , 403 , 574288.5606100674
235 , 403 , 312737.36058148026
236 , 403 , 116943.20246049706
237 , 403 , 29593.77639487017
337 , 403 , 20345.62999329255
338 , 403 , 14402.025862181337
470 , 403 , 23258.57621649703
471 , 403 , 52145.37805104306
472 , 403 , 82304.71303139345
473 , 403 , 99282.89279379777
474 , 403 , 110365.67616852073
475 , 403 , 170538.11004991457
476 , 403 , 294417.2687787123
477 , 403 , 412471.07065925724
478 , 403 , 426643.8209604466
479 , 403 , 314607.4756092223
480 , 403 , 152075.63650038803
481 , 403 , 40685.141115611914
228 , 404 , 10819.19845735782
229 , 404 , 39338.40354731555
230 , 404 , 165336.6431155066
231 , 404 , 453951.0911502883
232 , 404 , 724408.448339127
233 , 404 , 717497.9961528478
234 , 404 , 464130.9503904716
235 , 404 , 178472.15928940527
236 , 404 , 20508.398851469683
337 , 404 , 23198.454862923576
338 , 404 , 11912.261465512476
470 , 404 , 19747.068254616504
471 , 404 , 40086.285196239915
472 , 404 , 71153.8551701953
473 , 404 , 140449.97696591992
474 , 404 , 293577.2625756881
475 , 404 , 568027.3049048847
476 , 404 , 870334.7183675141
477 , 404 , 1029297.1849660631
478 , 404 , 925641.0093033547
479 , 404 , 620886.953969563
480 , 404 , 288668.83731257345
481 , 404 , 80027.1304738475
229 , 405 , 31310.07485619834
230 , 405 , 167962.72758283082
231 , 405 , 408176.4734121738
232 , 405 , 529670.9648911862
233 , 405 , 374052.85351639264
234 , 405 , 83107.57156615151
272 , 405 , 23190.492575348908
273 , 405 , 46548.15832498667
274 , 405 , 22010.295754490122
337 , 405 , 17078.32291916573
472 , 405 , 23136.867710935374
473 , 405 , 169560.76683705836
474 , 405 , 516177.91472454194
475 , 405 , 1045035.9431432881
476 , 405 , 1501975.061710466
477 , 405 , 1622859.993839761
478 , 405 , 1333674.7618961628
479 , 405 , 825873.4198726666
480 , 405 , 361251.42998749565
481 , 405 , 95784.01947548549
482 , 405 , 10052.98953559425
229 , 406 , 28040.52232966887
230 , 406 , 144253.2516172623
231 , 406 , 277451.3422274316
232 , 406 , 223456.98446569312
271 , 406 , 92056.67151100383
272 , 406 , 142619.22196682624
273 , 406 , 104287.05077726571
274 , 406 , 35831.80234669124
473 , 406 , 230165.44004611654
474 , 406 , 765289.2439392488
475 , 406 , 1458564.8990477081
476 , 406 , 1907495.5214950775
477 , 406 , 1832762.3302786662
478 , 406 , 1304767.2833807897
479 , 406 , 674127.8318344208
480 , 406 , 230783.43623712932
481 , 406 , 37507.369400962314
229 , 407 , 32253.213855557242
230 , 407 , 123999.63538876193
231 , 407 , 169427.68032037595
270 , 407 , 66707.51510943542
271 , 407 , 166651.2271906542
272 , 407 , 201758.91440170383
273 , 407 , 131010.00968204593
274 , 407 , 38271.35143083628
473 , 407 , 342749.6051820882
474 , 407 , 1004243.1543111696
475 , 407 , 1700089.206823178
476 , 407 , 1950330.8985405127
477 , 407 , 1558064.0605402999
478 , 407 , 803431.519364906
479 , 407 , 179609.85264560243
229 , 408 , 37657.399724249284
230 , 408 , 106842.68163763959
231 , 408 , 91735.88296151749
269 , 408 , 10389.298393310208
270 , 408 , 72127.62662275493
271 , 408 , 156537.30817253946
272 , 408 , 184280.08670909618
273 , 408 , 114160.03601207545
274 , 408 , 21559.437858927064
473 , 408 , 444199.1748894486
474 , 408 , 1112380.6492119334
475 , 408 , 1643350.7115594468
476 , 408 , 1575746.407142434
477 , 408 , 875615.0792189816
478 , 408 , 31680.669122388354
229 , 409 , 37580.02252032916
230 , 409 , 80197.48854653985
231 , 409 , 19317.351425542613
270 , 409 , 46519.80682886136
271 , 409 , 103481.34600554247
272 , 409 , 123324.82099580718
273 , 409 , 66519.10866070246
473 , 409 , 473397.24451108824
474 , 409 , 1012378.7697686782
475 , 409 , 1263178.3493913596
476 , 409 , 877718.2178765947
477 , 409 , 17006.32228462794
229 , 410 , 28387.3636218313
230 , 410 , 40396.678122049234
270 , 410 , 24022.056933756998
271 , 410 , 54227.07638914537
272 , 410 , 61851.458321232945
273 , 410 , 14076.476405661408
472 , 410 , 29870.355796783784
473 , 410 , 393158.4938187236
474 , 410 , 686621.7426234632
475 , 410 , 611839.4966125758
229 , 411 , 17265.250076562697
270 , 411 , 13480.184293475439
271 , 411 , 26731.992411429623
272 , 411 , 24452.700853932183
472 , 411 , 52226.34109316072
473 , 411 , 252764.81294570945
474 , 411 , 296311.0351469079
271 , 412 , 11371.981261067329
472 , 412 , 50629.38849215138
473 , 412 , 112671.58618909688
472 , 413 , 32196.80115116734
473 , 413 , 18803.35754826162
472 , 414 , 10162.45773132094
313 , 416 , 13205.864259172133
353 , 416 , 10016.665763760575
344 , 417 , 11181.42552771654
282 , 418 , 13150.005539208702
283 , 418 , 23666.546869496575
284 , 418 , 14439.472375853256
344 , 418 , 11418.128994363518
283 , 419 , 21264.743270949482
284 , 419 , 25269.79029047586
307 , 419 , 11238.071665831178
308 , 419 , 39267.864417886696
309 , 419 , 78736.00741003068
310 , 419 , 81144.6778667035
336 , 419 , 10625.305418538363
283 , 420 , 11962.897419361849
284 , 420 , 17315.295160290745
307 , 420 , 21674.93561687984
308 , 420 , 153348.40577328793
309 , 420 , 304480.77819141006
310 , 420 , 290826.05577154824
311 , 420 , 24686.588808949513
321 , 420 , 17562.321914938002
336 , 420 , 10888.507505697418
372 , 420 , 13478.512463525574
373 , 420 , 24527.493933969465
374 , 420 , 28131.55655013481
375 , 420 , 16128.367847019603
284 , 421 , 12090.305318414888
308 , 421 , 292474.6543828421
309 , 421 , 617143.4985408193
310 , 421 , 533621.1584989446
320 , 421 , 29754.603488887846
321 , 421 , 19989.677810564157
372 , 421 , 15644.365923596408
373 , 421 , 59223.093816054185
374 , 421 , 122028.88678157012
375 , 421 , 153109.01657201914
376 , 421 , 120304.63727746997
377 , 421 , 56474.28778223763
378 , 421 , 15462.365190247161
308 , 422 , 297651.26398194325
309 , 422 , 745894.6473710609
310 , 422 , 541599.6908613229
319 , 422 , 17070.299758114536
320 , 422 , 28282.086844004087
321 , 422 , 13848.5395659142
372 , 422 , 10175.62742885125
373 , 422 , 131908.86912171153
374 , 422 , 347015.58506039483
375 , 422 , 499287.261804061
376 , 422 , 444240.9279019238
377 , 422 , 246123.3638605597
378 , 422 , 80970.12431473876
379 , 422 , 15535.450165674818
440 , 422 , 11567.14918538681
441 , 422 , 15347.299100093136
294 , 423 , 11832.289871807163
308 , 423 , 131278.6657923793
309 , 423 , 556182.776195375
310 , 423 , 249572.2251546001
319 , 423 , 18070.811643608016
320 , 423 , 20094.16381982292
373 , 423 , 228870.34737422742
374 , 423 , 670406.3454869401
375 , 423 , 998581.1250574789
376 , 423 , 908547.8810621167
377 , 423 , 513342.69895317114
378 , 423 , 168884.0262839895
379 , 423 , 30897.227560886357
439 , 423 , 13787.871345009338
296 , 424 , 13159.88321221856
309 , 424 , 209951.77881885273
319 , 424 , 11668.992963073011
320 , 424 , 12896.171615464486
373 , 424 , 235264.07972741371
374 , 424 , 856980.5945907914
375 , 424 , 1339504.888790783
376 , 424 , 1246654.9962038225
377 , 424 , 712111.8370671202
378 , 424 , 230884.1176855586
379 , 424 , 37738.68706013178
296 , 425 , 11374.184963391948
297 , 425 , 14290.581733095072
374 , 425 , 631778.4419311959
375 , 425 , 1188185.5427260974
376 , 425 , 1188170.215038906
377 , 425 , 702529.4734423182
378 , 425 , 222863.87777412345
379 , 425 , 22902.27896292208
374 , 426 , 24128.081102525233
375 , 426 , 579894.6989055536
376 , 426 , 761269.6194281257
377 , 426 , 502604.05298291397
378 , 426 , 161037.0328316094
376 , 427 , 310466.5354173243
377 , 427 , 281134.73048045393
378 , 427 , 98339.98388381382
237 , 428 , 13601.718079736664
376 , 428 , 17450.737863346323
377 , 428 , 128773.71697221058
378 , 428 , 54904.16865874386
237 , 429 , 19732.106353862204
377 , 429 , 51051.06447855444
378 , 429 , 30668.611418696575
236 , 430 , 23959.154256122943
237 , 430 , 20118.691693654007
378 , 430 , 14308.421036406937
236 , 431 , 28563.520392225815
237 , 431 , 16176.459972024553
236 , 432 , 20130.215511423477
237 , 432 , 11064.559450153534
412 , 437 , 10733.370604853208
413 , 437 , 12957.191120462629
414 , 437 , 14569.192011879883
415 , 437 , 11055.634269003567
409 , 438 , 13820.657629813275
410 , 438 , 10964.80558687832
411 , 438 , 14501.483160768777
412 , 438 , 36281.44024561341
413 , 438 , 67502.90847485334
414 , 438 , 82102.12486804585
415 , 438 , 56333.2918358231
408 , 439 , 10580.963198155645
409 , 439 , 14419.563690117444
410 , 439 , 20322.302619652553
411 , 439 , 66369.44298246688
412 , 439 , 164789.21757978867
413 , 439 , 261994.62920461595
414 , 439 , 271608.13347589446
415 , 439 , 151119.08548941792
409 , 440 , 20208.94511768254
410 , 440 , 67246.18132312356
411 , 440 , 199840.8626057019
412 , 440 , 406704.2944507784
413 , 440 , 564647.0575667168
414 , 440 , 519521.21648032294
415 , 440 , 239149.52575789695
409 , 441 , 29811.930880079715
410 , 441 , 113210.52146331637
411 , 441 , 296091.6222249107
412 , 441 , 548431.5171193862
413 , 441 , 715412.5386981363
414 , 441 , 612609.145414351
415 , 441 , 227781.08393262397
409 , 442 , 12332.289693926403
410 , 442 , 76503.45161454703
411 , 442 , 220242.19760483305
412 , 442 , 427010.87674545025
413 , 442 , 566246.1965360988
414 , 442 , 464350.5817518082
415 , 442 , 119055.50447118864
411 , 443 , 62381.63845861607
412 , 443 , 184550.86744168913
413 , 443 , 276349.0672029387
414 , 443 , 214332.37951886572
412 , 444 , 17052.16912770964
413 , 444 , 53963.7824921158
414 , 444 , 33055.56003253732
469 , 444 , 15362.978894299362
470 , 445 , 49270.55355677905
470 , 446 , 25955.076648485847
471 , 446 , 37350.3096968052
471 , 447 , 94326.46274811926
471 , 448 , 65157.19338623283
472 , 448 , 76108.68406980997
471 , 449 , 17200.490826907742
472 , 449 , 81514.99695796185
473 , 449 , 21983.116725447326
123 , 450 , 14868.206077284729
124 , 450 , 21895.98729159899
125 , 450 , 21597.290207481976
126 , 450 , 17815.627126259456
127 , 450 , 13497.638297155503
472 , 450 , 50333.46267624141
473 , 450 , 31398.56257004592
123 , 451 , 19617.657297884827
124 , 451 , 38522.68575123681
125 , 451 , 43177.53414972341
126 , 451 , 37953.4305279599
127 , 451 , 27649.37203349977
128 , 451 , 14096.117172796661
472 , 451 , 22251.08252150262
473 , 451 , 19675.68706873995
21 , 452 , 13729.746669275239
22 , 452 , 11487.03268004123
124 , 452 , 57773.571473496224
125 , 452 , 79704.48782806561
126 , 452 , 68752.74181867582
127 , 452 , 43613.82165705844
128 , 452 , 18788.951102817227
20 , 453 , 20641.171072810765
21 , 453 , 39322.752320079424
22 , 453 , 42102.60431507206
123 , 453 , 15118.685063185287
124 , 453 , 140626.17620024708
125 , 453 , 163492.2071048622
126 , 453 , 117778.276247056
127 , 453 , 59925.6249616433
128 , 453 , 19894.9132507832
466 , 453 , 41715.85825179532
467 , 453 , 25602.210564186986
468 , 453 , 10490.125599372775
469 , 453 , 12121.516621411509
470 , 453 , 12515.233888821725
19 , 454 , 10052.611546630891
20 , 454 , 40054.99926062076
21 , 454 , 92502.44958811779
22 , 454 , 127396.22827399333
23 , 454 , 81713.93215266526
123 , 454 , 212713.8740331026
124 , 454 , 352048.7844539513
125 , 454 , 305098.90381990786
126 , 454 , 177755.0240279572
127 , 454 , 71972.79053569167
128 , 454 , 17395.580408137088
152 , 454 , 24199.251322662865
153 , 454 , 27337.807784671866
154 , 454 , 11468.310660353425
465 , 454 , 13452.038617518789
466 , 454 , 43134.143018726194
467 , 454 , 31177.922161825434
468 , 454 , 11010.990339373573
19 , 455 , 13504.437934539259
20 , 455 , 66026.01414504152
21 , 455 , 173161.90428003794
22 , 455 , 283158.1843230276
23 , 455 , 277371.42202485143
24 , 455 , 96723.87089402025
122 , 455 , 267437.4852596922
123 , 455 , 623861.5240712499
124 , 455 , 649432.2464755854
125 , 455 , 451267.4529985568
126 , 455 , 219436.13950909162
127 , 455 , 72837.24203627504
128 , 455 , 12864.642834346716
149 , 455 , 193011.4089429431
150 , 455 , 423810.33138412377
151 , 455 , 529769.0718661667
152 , 455 , 439416.30727398454
153 , 455 , 249830.94020633365
154 , 455 , 95207.1658422566
155 , 455 , 25223.064299416845
466 , 455 , 25539.387260208277
467 , 455 , 21597.37240540661
19 , 456 , 14814.966640835592
20 , 456 , 86446.97167002669
21 , 456 , 250590.51867759047
22 , 456 , 463209.7439202585
23 , 456 , 563956.8513591192
24 , 456 , 421818.0668645355
25 , 456 , 101028.97767044196
121 , 456 , 310018.47197361407
122 , 456 , 836770.2475939227
123 , 456 , 1030272.7518850197
124 , 456 , 839654.7618471285
125 , 456 , 489649.2041549432
126 , 456 , 201716.6615773489
127 , 456 , 55189.47372256794
148 , 456 , 156155.9428937441
149 , 456 , 472805.83903626376
150 , 456 , 788905.0013451116
151 , 456 , 876771.462032473
152 , 456 , 680213.6993939354
153 , 456 , 378674.87275733025
154 , 456 , 148935.66343682908
155 , 456 , 43742.23167601607
466 , 456 , 11823.48528770143
467 , 456 , 12838.36051076332
20 , 457 , 72515.99852039461
21 , 457 , 254830.59864299707
22 , 457 , 538884.8819774922
23 , 457 , 765928.6491950544
24 , 457 , 748896.9127079882
25 , 457 , 492534.6796214952
26 , 457 , 95022.97280665563
120 , 457 , 286710.500922031
121 , 457 , 849385.4892364109
122 , 457 , 1147079.1195621584
123 , 457 , 1091649.798956233
124 , 457 , 745143.1675906504
125 , 457 , 367700.8914381663
126 , 457 , 124358.87473355632
127 , 457 , 24885.772037878087
147 , 457 , 22620.99217503806
148 , 457 , 183471.97255097487
149 , 457 , 464025.8565434079
150 , 457 , 717645.1613178366
151 , 457 , 759040.9118524003
152 , 457 , 569753.3676821272
153 , 457 , 314647.8079086683
154 , 457 , 123927.34342955127
155 , 457 , 36122.19136606154
228 , 457 , 20221.806360299466
20 , 458 , 12808.635223341553
21 , 458 , 147203.7687542893
22 , 458 , 407983.4492550355
23 , 458 , 686943.1426606867
24 , 458 , 803390.4271506441
25 , 458 , 702083.3438231123
26 , 458 , 432056.9311507979
27 , 458 , 125720.33921106753
119 , 458 , 227113.34778896405
120 , 458 , 608443.5414011085
121 , 458 , 889276.1326303325
122 , 458 , 936237.6684503352
123 , 458 , 746836.133924735
124 , 458 , 426680.0540437795
125 , 458 , 163258.63252904895
126 , 458 , 30849.45260593349
148 , 458 , 82948.91555206676
149 , 458 , 197940.07859178097
150 , 458 , 279681.5930490942
151 , 458 , 255200.00634204783
152 , 458 , 155407.05728068517
153 , 458 , 56139.37492254848
228 , 458 , 25076.41866590138
229 , 458 , 29299.333785697294
21 , 459 , 18730.379438118805
22 , 459 , 190589.7166927063
23 , 459 , 414391.50276062195
24 , 459 , 566800.0989561785
25 , 459 , 582571.8681625837
26 , 459 , 469178.508423622
27 , 459 , 308379.75909376534
28 , 459 , 136615.3094654421
118 , 459 , 143428.2451380486
119 , 459 , 323406.4732826175
120 , 459 , 474343.2233958286
121 , 459 , 557109.3163337793
122 , 459 , 507918.6177060489
123 , 459 , 345617.4796418003
124 , 459 , 148160.67939821427
125 , 459 , 15236.274757128587
228 , 459 , 23302.60818254389
229 , 459 , 28904.928338357975
22 , 460 , 62613.18892846332
23 , 460 , 191245.67310252748
24 , 460 , 287491.62869876396
25 , 460 , 318838.24516652897
26 , 460 , 286449.61265041505
27 , 460 , 226024.56087371032
28 , 460 , 151102.08856060624
29 , 460 , 78746.31119045186
30 , 460 , 17196.157726664933
116 , 460 , 16064.188264678305
117 , 460 , 70673.37554671781
118 , 460 , 131213.39689438164
119 , 460 , 198546.64303878165
120 , 460 , 259495.2098019615
121 , 460 , 296616.38309364126
122 , 460 , 271067.6948120394
123 , 460 , 179199.20491646073
124 , 460 , 59045.05915316628
228 , 460 , 17596.90539683171
229 , 460 , 18101.876325750913
22 , 461 , 65540.19799831469
23 , 461 , 122652.60525818111
24 , 461 , 142309.64924205598
25 , 461 , 134354.34470207358
26 , 461 , 114332.90846768569
27 , 461 , 96293.78356454874
28 , 461 , 75784.19726197522
29 , 461 , 51352.365214416495
30 , 461 , 23402.847429102156
116 , 461 , 26585.82850225146
117 , 461 , 53941.01829512461
118 , 461 , 88726.83672078181
119 , 461 , 138891.22733942684
120 , 461 , 205841.86553304293
121 , 461 , 282042.5946688246
122 , 461 , 321536.82334986085
123 , 461 , 282483.50173297647
124 , 461 , 163552.77023708072
125 , 461 , 41924.09339073664
228 , 461 , 10980.418250221495
375 , 461 , 53758.11841683381
376 , 461 , 47663.06312746716
377 , 461 , 13059.653508994812
20 , 462 , 16669.590794003758
21 , 462 , 66295.67691177802
22 , 462 , 115043.15331149177
23 , 462 , 117327.37984111073
24 , 462 , 72889.91472708649
25 , 462 , 26941.723442402756
27 , 462 , 21278.867283390457
28 , 462 , 41668.08056272337
29 , 462 , 45269.59804198119
30 , 462 , 23081.252893823257
116 , 462 , 20027.153924975246
117 , 462 , 47148.75321566457
118 , 462 , 77643.4622424968
119 , 462 , 125047.05619931195
120 , 462 , 207318.57872682658
121 , 462 , 331279.64843954996
122 , 462 , 439879.8078258522
123 , 462 , 453098.0240186787
124 , 462 , 320835.27896667854
125 , 462 , 137565.4562025063
126 , 462 , 28833.454537528654
225 , 462 , 10606.86173446622
373 , 462 , 81245.22754959692
374 , 462 , 241638.08478000714
375 , 462 , 236458.15269700735
376 , 462 , 111003.17006493532
377 , 462 , 16586.86198539679
19 , 463 , 16680.212875706133
20 , 463 , 51947.73504209341
21 , 463 , 98357.2399530297
22 , 463 , 116351.87102516438
23 , 463 , 70594.66517754173
28 , 463 , 70997.75170204428
29 , 463 , 80913.57421872587
30 , 463 , 16792.054745704445
120 , 463 , 69533.18836942135
121 , 463 , 216634.7432286315
122 , 463 , 389000.4367200716
123 , 463 , 479178.1612912464
124 , 463 , 380948.9653818206
125 , 463 , 181007.86780722335
126 , 463 , 45361.94180460938
225 , 463 , 12594.132881102041
372 , 463 , 132910.13475972734
373 , 463 , 327707.4979509978
374 , 463 , 433135.10550325084
375 , 463 , 338619.5741069924
376 , 463 , 130936.6829703603
19 , 464 , 22694.899989568457
20 , 464 , 49403.15691095863
21 , 464 , 68890.59976182396
22 , 464 , 45944.856492944586
27 , 464 , 15552.816932800924
28 , 464 , 133523.13100710092
29 , 464 , 116303.42110031907
122 , 464 , 89413.4382521651
123 , 464 , 275153.2966383407
124 , 464 , 273037.1656668869
125 , 464 , 131183.00024763256
126 , 464 , 21014.078151290334
371 , 464 , 58127.441874918906
372 , 464 , 189171.8736427849
373 , 464 , 343710.6428757663
374 , 464 , 398795.46039329417
375 , 464 , 282470.4294157463
376 , 464 , 74229.68899540429
19 , 465 , 16585.683760809217
20 , 465 , 27838.613971128165
21 , 465 , 22245.83495993621
27 , 465 , 52870.116638523
28 , 465 , 197963.73547423416
29 , 465 , 115692.31643815682
124 , 465 , 101492.71011639311
125 , 465 , 44432.09798427421
370 , 465 , 11758.396332528413
371 , 465 , 55301.45205508011
372 , 465 , 137920.42274726075
373 , 465 , 225023.0622200695
374 , 465 , 241780.45125974374
375 , 465 , 146478.06316644175
20 , 466 , 11925.269830118228
27 , 466 , 107961.90396270441
28 , 466 , 234802.64874737652
29 , 466 , 75562.74016304925
370 , 466 , 13771.565349459808
371 , 466 , 31395.47634577717
372 , 466 , 65621.79369449435
373 , 466 , 100133.10553939504
374 , 466 , 98398.62191227476
375 , 466 , 37302.707584495845
443 , 466 , 12626.017722144243
444 , 466 , 25589.580901715868
27 , 467 , 162146.68498282763
28 , 467 , 232981.81429923425
29 , 467 , 31970.76528413646
371 , 467 , 12506.651929276919
372 , 467 , 22566.121515487375
373 , 467 , 33489.83547837024
374 , 467 , 29220.00845409691
443 , 467 , 11970.853898037374
444 , 467 , 20739.925762637125
21 , 468 , 12151.680139530295
26 , 468 , 44904.0189777269
27 , 468 , 176600.70743610073
28 , 468 , 192281.017321496
29 , 468 , 18058.44626672298
440 , 468 , 41629.859518126075
441 , 468 , 11679.15500716339
21 , 469 , 10931.749965261915
22 , 469 , 15112.43712327746
26 , 469 , 64334.061236264766
27 , 469 , 135109.02647986292
28 , 469 , 125316.63105711414
29 , 469 , 17779.596849123103
32 , 469 , 30108.90466368239
439 , 469 , 16813.948706170217
440 , 469 , 37434.59406636383
441 , 469 , 17963.629436627496
25 , 470 , 12833.861044718573
26 , 470 , 44812.33557159862
27 , 470 , 74968.77559019186
28 , 470 , 62371.49605081303
29 , 470 , 15192.906024267984
31 , 470 , 35123.392930750175
32 , 470 , 62625.30913291626
33 , 470 , 35744.83533754211
36 , 470 , 12332.096813159078
37 , 470 , 11631.66016767225
212 , 470 , 12261.339529022625
439 , 470 , 12010.589081997749
440 , 470 , 20362.51021454867
441 , 470 , 11240.55916179563
26 , 471 , 21675.868059634064
27 , 471 , 31296.702082049247
28 , 471 , 22975.11553033882
30 , 471 , 12010.859953525664
31 , 471 , 32986.79971275839
32 , 471 , 38872.43558394113
33 , 471 , 19177.354522727255
36 , 471 , 19871.71235274472
37 , 471 , 17989.46040835164
57 , 471 , 12787.04018828927
58 , 471 , 24073.745216391693
59 , 471 , 12773.242730440226
62 , 471 , 12804.46904007464
27 , 472 , 10916.195260223756
31 , 472 , 17392.93434327279
32 , 472 , 16400.369353180085
36 , 472 , 13194.733272431557
37 , 472 , 11059.454754141134
57 , 472 , 13947.56546466815
58 , 472 , 17125.55328820853
57 , 473 , 10820.492877250905
58 , 473 , 10604.236061157762
181 , 473 , 15979.991849619808
182 , 473 , 25138.748709710104
183 , 473 , 31475.817979060055
184 , 473 , 34680.47721539697
185 , 473 , 32034.600026557062
186 , 473 , 17499.29390993424
181 , 474 , 22257.452503634428
182 , 474 , 80733.21758318969
183 , 474 , 107727.47463127875
184 , 474 , 95562.66909715814
185 , 474 , 48896.57503404877
181 , 475 , 26046.182551999576
182 , 475 , 178781.7988533892
183 , 475 , 206843.03982196414
184 , 475 , 107165.89379885473
182 , 476 , 218803.54304379737
183 , 476 , 177720.2422989849
182 , 477 , 116063.16203983268
408 , 478 , 18970.71471728328
409 , 478 , 19549.037349781964
408 , 479 , 27267.325965187338
2 , 507 , 6647504.274585717
3 , 507 , 2652460.8528310223
507 , 507 , 4018476.8837930965
508 , 507 , 10230059.96401806
2 , 508 , 20503296.752914164
3 , 508 , 6888388.093568895
507 , 508 , 10561714.372125663
508 , 508 , 30785973.630669042
509 , 508 , 122479448.08847435
2 , 509 , 85202282.9772791
508 , 509 , 122583958.6634199
509 , 509 , 952268466.9697471
