x ,	 y, 	 r 
2 , 2 , 37186296.69281702
3 , 2 , 12778745.455957687
379 , 2 , 13302719.563961484
380 , 2 , 41705281.16625525
381 , 2 , 180417646.27302003
2 , 3 , 12812204.361906739
3 , 3 , 5288605.658589456
379 , 3 , 5594939.259624912
380 , 3 , 14825700.454747159
193 , 93 , 10491.585952643101
205 , 93 , 16450.39973724255
206 , 93 , 16338.528070902401
191 , 94 , 15247.367234904785
192 , 94 , 41767.547953618705
193 , 94 , 42375.674427127524
194 , 94 , 28841.600398811577
195 , 94 , 16863.732223956365
203 , 94 , 11705.1506746661
204 , 94 , 18392.52870171473
205 , 94 , 26314.991319944686
206 , 94 , 31310.40084759525
207 , 94 , 24050.10387752132
218 , 101 , 32038.54366265432
219 , 101 , 52005.911519736626
220 , 101 , 53890.99075982069
221 , 101 , 42857.81746999864
222 , 101 , 26670.95612530191
223 , 101 , 12929.242163610277
216 , 102 , 11491.812678271097
217 , 102 , 57178.277222105244
218 , 102 , 113068.83334941877
219 , 102 , 151733.2561226911
220 , 102 , 162439.89114034595
221 , 102 , 134685.6091064235
222 , 102 , 82207.12658990794
223 , 102 , 38606.95452229734
224 , 102 , 13480.511552941958
215 , 103 , 16061.103942447347
216 , 103 , 51820.55965450476
217 , 103 , 131516.93861228132
218 , 103 , 220673.66626482154
219 , 103 , 290463.3095402742
220 , 103 , 319644.9803668698
221 , 103 , 271093.3141226076
222 , 103 , 161049.25924406058
223 , 103 , 72898.77883807183
224 , 103 , 27053.52176418879
214 , 104 , 10334.882543375596
215 , 104 , 28614.39518789681
216 , 104 , 65539.14593353783
217 , 104 , 128992.63710930562
218 , 104 , 182678.50908716553
219 , 104 , 264304.2884749215
220 , 104 , 346496.88233153644
221 , 104 , 338881.07091116
222 , 104 , 212668.3671795539
223 , 104 , 96487.09339567937
224 , 104 , 40192.41772529942
219 , 105 , 39321.87131421431
220 , 105 , 273173.2459048354
221 , 105 , 401042.84444080817
222 , 105 , 291873.4398308537
223 , 105 , 141895.2928202243
224 , 105 , 65659.20191819682
225 , 105 , 17835.113140780362
220 , 106 , 312176.7702252046
221 , 106 , 585186.6602236859
222 , 106 , 455151.66330723424
223 , 106 , 229587.35505107907
224 , 106 , 107504.11520553184
225 , 106 , 29754.438578098758
220 , 107 , 461936.5410966159
221 , 107 , 789200.0922066732
222 , 107 , 609930.5272271615
223 , 107 , 311235.44818150485
224 , 107 , 141215.61512164085
225 , 107 , 38192.35639774065
220 , 108 , 512931.4809051286
221 , 108 , 746500.5055394835
222 , 108 , 542813.0130845835
223 , 108 , 261938.37399062896
224 , 108 , 104837.75554407216
225 , 108 , 24440.71512514747
219 , 109 , 75894.80842091373
220 , 109 , 377140.360314382
221 , 109 , 443395.14628299675
222 , 109 , 269939.0018456795
223 , 109 , 95121.52826074851
224 , 109 , 16214.601484102743
219 , 110 , 84466.4281381636
220 , 110 , 194491.68890403936
221 , 110 , 175074.51797463026
222 , 110 , 75038.66589941047
217 , 111 , 15083.744973696783
218 , 111 , 11601.132386444071
219 , 111 , 39528.7979930231
220 , 111 , 54488.84620367569
221 , 111 , 23228.085358416116
217 , 112 , 12223.003658538168
219 , 112 , 10403.647182983728
3 , 115 , 64343.15846284188
3 , 116 , 219435.3864281957
3 , 117 , 285844.8665099
3 , 118 , 277952.9743784432
3 , 119 , 196755.4446762289
379 , 119 , 172159.4728177747
3 , 120 , 53992.645417629275
69 , 120 , 10069.917439761479
294 , 120 , 17936.865620170156
295 , 120 , 24895.88245836316
296 , 120 , 25260.82312739227
297 , 120 , 16332.987178001924
379 , 120 , 292050.52452602115
68 , 121 , 10213.412442585844
69 , 121 , 11430.661809199994
296 , 121 , 16368.145898794566
297 , 121 , 25799.809767075974
298 , 121 , 26009.997885542783
299 , 121 , 15541.024032377201
379 , 121 , 312918.65434291237
131 , 122 , 20187.943973202815
132 , 122 , 46123.160840070035
133 , 122 , 68727.11009809069
134 , 122 , 71049.98801488928
135 , 122 , 46024.15787151479
299 , 122 , 17403.009904879706
300 , 122 , 12247.941041074504
379 , 122 , 292437.38024113607
129 , 123 , 19993.77074955667
130 , 123 , 61079.237357880775
131 , 123 , 128665.3080691201
132 , 123 , 206270.53907062497
133 , 123 , 253129.2055833861
134 , 123 , 227860.5596418981
135 , 123 , 150455.0444265753
136 , 123 , 67426.42532792587
137 , 123 , 15498.713737747803
379 , 123 , 195041.02449802533
129 , 124 , 37883.740607723434
130 , 124 , 122207.24980250461
131 , 124 , 253532.4440732979
132 , 124 , 372720.57104534353
133 , 124 , 424043.5039151065
134 , 124 , 362983.9726985247
135 , 124 , 223306.63781829365
136 , 124 , 103895.06469692316
137 , 124 , 36170.83601013981
138 , 124 , 10396.57557976084
224 , 124 , 21800.21973878979
225 , 124 , 19608.922054645725
379 , 124 , 17986.51516861323
129 , 125 , 48457.55045967714
130 , 125 , 141199.72927596667
131 , 125 , 268012.8749230367
132 , 125 , 344929.75819641195
133 , 125 , 343143.0124688252
134 , 125 , 278178.76693291473
135 , 125 , 160263.6197763572
136 , 125 , 67920.9179168999
137 , 125 , 19326.345754592843
223 , 125 , 45565.31289766081
224 , 125 , 66684.91898209575
225 , 125 , 42107.995893704545
226 , 125 , 11392.122288934866
304 , 125 , 17420.27976768867
305 , 125 , 14876.05971357561
127 , 126 , 15186.987874578193
128 , 126 , 24782.512398427258
129 , 126 , 59487.10683880522
130 , 126 , 124881.80077705963
131 , 126 , 181455.72368163202
132 , 126 , 141567.90830986996
133 , 126 , 32791.518702210655
223 , 126 , 112425.10180716745
224 , 126 , 151285.7486609729
225 , 126 , 90494.19420279496
226 , 126 , 22063.280321100752
302 , 126 , 65343.34870408212
303 , 126 , 115363.52700645427
304 , 126 , 107099.62685174966
305 , 126 , 70829.11242101375
306 , 126 , 37641.9770638161
307 , 126 , 18982.57317552471
125 , 127 , 21405.915708515422
126 , 127 , 64274.578022530164
127 , 127 , 86533.10587457147
128 , 127 , 83009.93378614869
129 , 127 , 96179.26396152191
130 , 127 , 144319.03298213403
131 , 127 , 169988.24296174513
132 , 127 , 57611.58799846892
218 , 127 , 13782.963503826322
223 , 127 , 179020.6686103672
224 , 127 , 254118.2809068792
225 , 127 , 153443.5711359589
226 , 127 , 34250.9990297589
300 , 127 , 79188.16159731566
301 , 127 , 210554.8470580668
302 , 127 , 343649.34763370064
303 , 127 , 386479.68763205054
304 , 127 , 306278.8332093384
305 , 127 , 179424.72557472007
306 , 127 , 78027.30293627697
307 , 127 , 26822.521885942406
125 , 128 , 79083.81958913888
126 , 128 , 245318.66572382208
127 , 128 , 306701.2798761885
128 , 128 , 231516.54779523695
129 , 128 , 174582.57154266853
130 , 128 , 215383.77889586048
131 , 128 , 252287.4143349229
132 , 128 , 129251.11025999635
218 , 128 , 15918.996626235627
222 , 128 , 14756.545293701958
223 , 128 , 274864.11642614636
224 , 128 , 372726.55120758753
225 , 128 , 218096.56189928716
226 , 128 , 40026.1561933455
298 , 128 , 22644.643459633033
299 , 128 , 106250.64433826556
300 , 128 , 259488.0396338228
301 , 128 , 446138.1258099168
302 , 128 , 597298.899616929
303 , 128 , 607300.7515463461
304 , 128 , 459241.33676763345
305 , 128 , 261150.26156009248
306 , 128 , 106567.22058209726
307 , 128 , 28543.54608656437
125 , 129 , 201883.9342035824
126 , 129 , 577415.004011621
127 , 129 , 671455.1968363174
128 , 129 , 424209.7571244464
129 , 129 , 212364.09206184198
130 , 129 , 208443.4187742183
131 , 129 , 257326.21738906467
132 , 129 , 173435.2095070284
217 , 129 , 10059.30484784835
218 , 129 , 11858.395096129876
222 , 129 , 49280.889176921744
223 , 129 , 388723.63048559753
224 , 129 , 500651.74675234826
225 , 129 , 278567.08634918055
226 , 129 , 36936.06789718458
260 , 129 , 31414.270788148075
261 , 129 , 71805.56809475753
262 , 129 , 90725.80038547129
263 , 129 , 69515.86164919377
264 , 129 , 30662.09558804895
298 , 129 , 40934.60681042416
299 , 129 , 124796.84994307981
300 , 129 , 255086.73828922052
301 , 129 , 400445.69459115283
302 , 129 , 509188.7758260859
303 , 129 , 498426.6347477242
304 , 129 , 370567.4291174128
305 , 129 , 213118.6324735534
306 , 129 , 86897.75376568483
307 , 129 , 21198.508467920277
125 , 130 , 391815.0382832072
126 , 130 , 979750.9539374433
127 , 130 , 1066184.22196507
128 , 130 , 572421.8081589763
129 , 130 , 139979.3552128638
130 , 130 , 48161.95052028436
131 , 130 , 112681.21264661511
132 , 130 , 120088.7874663395
133 , 130 , 22266.588333111344
217 , 130 , 12066.14390671099
222 , 130 , 61104.09110610356
223 , 130 , 450316.6627629534
224 , 130 , 558864.5057612497
225 , 130 , 297384.92925351136
226 , 130 , 26426.504475176785
258 , 130 , 25182.40589938838
259 , 130 , 72672.89625143919
260 , 130 , 163252.3254499337
261 , 130 , 278237.4830393952
262 , 130 , 319984.4877268244
263 , 130 , 262433.72595223883
264 , 130 , 167487.28084759723
265 , 130 , 78180.96724764591
266 , 130 , 22177.994587863293
298 , 130 , 16105.064083497684
299 , 130 , 39478.06015920771
300 , 130 , 74332.45904194847
301 , 130 , 121728.18667554889
302 , 130 , 174694.60999087268
303 , 130 , 190970.46593378374
304 , 130 , 159525.71027010068
305 , 130 , 107528.57589747783
306 , 130 , 48938.235201707976
307 , 130 , 11850.236211799353
125 , 131 , 584710.9307484096
126 , 131 , 1295201.9373115096
127 , 131 , 1366818.0923611966
128 , 131 , 699977.1149704801
129 , 131 , 87119.65277240938
132 , 131 , 27868.3472707185
133 , 131 , 17073.78621485099
222 , 131 , 36489.87420310645
223 , 131 , 406626.86701398354
224 , 131 , 490203.3159170983
225 , 131 , 249365.3303101279
257 , 131 , 16190.948084953394
258 , 131 , 47006.10701028446
259 , 131 , 110656.05631076379
260 , 131 , 215316.4149356622
261 , 131 , 335966.7179729001
262 , 131 , 358707.9285363802
263 , 131 , 273730.56530542654
264 , 131 , 162262.33952458
265 , 131 , 71123.41469588614
266 , 131 , 18966.349256462076
304 , 131 , 18289.571910698753
305 , 131 , 35437.996066784835
306 , 131 , 23364.506503613513
124 , 132 , 71694.49991946202
125 , 132 , 658835.3096165356
126 , 132 , 1298815.3424590835
127 , 132 , 1324108.9913292385
128 , 132 , 667967.9129863139
129 , 132 , 62022.51265676855
223 , 132 , 311823.2064094745
224 , 132 , 362893.17973781447
225 , 132 , 175826.65482452343
257 , 132 , 17273.610581441495
258 , 132 , 39479.19301316088
259 , 132 , 82080.37960271325
260 , 132 , 145428.7036093726
261 , 132 , 205870.39397530918
262 , 132 , 197182.8588072101
263 , 132 , 132218.95991023682
264 , 132 , 64260.19866203405
265 , 132 , 20780.10232869226
305 , 132 , 15251.4924510676
306 , 132 , 12943.299672343695
124 , 133 , 111564.56935878756
125 , 133 , 510135.78402946534
126 , 133 , 867258.360247694
127 , 133 , 759918.2572958937
128 , 133 , 239449.24783329782
155 , 133 , 11429.828197331342
223 , 133 , 205853.06353448867
224 , 133 , 231689.39023831862
225 , 133 , 108257.59150945622
258 , 133 , 13464.134216557704
259 , 133 , 34995.67069927837
260 , 133 , 58663.042558668094
261 , 133 , 67139.81872656803
262 , 133 , 49431.42151010372
263 , 133 , 22248.459499387533
303 , 133 , 16809.812097511036
124 , 134 , 76205.58922807481
125 , 134 , 241304.41980999487
126 , 134 , 310233.3483125176
127 , 134 , 88856.94146427332
223 , 134 , 102764.58011310814
224 , 134 , 116798.85529279918
225 , 134 , 53187.58061648896
259 , 134 , 16945.73856665058
260 , 134 , 20668.807521374874
261 , 134 , 15665.08953183824
303 , 134 , 18045.926883849526
77 , 135 , 14642.909375826843
124 , 135 , 22596.86318343335
125 , 135 , 42237.77697123821
223 , 135 , 38470.95068793784
224 , 135 , 47162.182680519894
225 , 135 , 20778.23242045506
75 , 136 , 30886.343487252627
76 , 136 , 84469.67422225939
77 , 136 , 144626.01169026425
78 , 136 , 129515.09820499766
79 , 136 , 19330.446496722318
223 , 136 , 12518.09134474793
224 , 136 , 17680.99299114996
299 , 136 , 13018.350309979462
73 , 137 , 14651.20082574029
74 , 137 , 53390.425824907885
75 , 137 , 136410.8326097581
76 , 137 , 261885.9936798803
77 , 137 , 372038.1906284834
78 , 137 , 357404.4614618502
79 , 137 , 197530.96062959527
299 , 137 , 10974.763602578705
72 , 138 , 10020.204318389347
73 , 138 , 40228.540709179666
74 , 138 , 122465.2589347782
75 , 138 , 267830.5759216358
76 , 138 , 436299.309926524
77 , 138 , 545621.9963593541
78 , 138 , 507503.8686242033
79 , 138 , 321745.1655747169
80 , 138 , 110204.68420753379
155 , 138 , 17773.58824192264
156 , 138 , 22930.901722639406
72 , 139 , 12110.335022407771
73 , 139 , 44708.32403046655
74 , 139 , 128413.45125397804
75 , 139 , 265044.55074241647
76 , 139 , 399909.16247262794
77 , 139 , 461749.32775621617
78 , 139 , 410908.84313861013
79 , 139 , 266939.55156092905
80 , 139 , 114377.08104851417
81 , 139 , 25250.306468019764
155 , 139 , 12246.12614006702
156 , 139 , 13433.478268373314
72 , 140 , 11930.2504813772
73 , 140 , 36280.27804494026
74 , 140 , 91041.66067928125
75 , 140 , 166500.54945564555
76 , 140 , 220374.92518791454
77 , 140 , 220595.6199978516
78 , 140 , 171374.97163846513
79 , 140 , 103391.09796844426
80 , 140 , 45788.29380984188
81 , 140 , 13002.350205990686
73 , 141 , 17409.023172414683
74 , 141 , 31889.556810793816
75 , 141 , 34245.32887081202
286 , 141 , 11718.998431648062
285 , 142 , 15295.306011660992
286 , 142 , 16881.979115550857
339 , 142 , 12675.337103875558
340 , 142 , 16375.805194354078
341 , 142 , 15820.339363483803
342 , 142 , 10609.424514662387
285 , 143 , 12710.59514115923
286 , 143 , 14105.3314196967
287 , 143 , 10508.811782373781
339 , 143 , 11648.736382562563
340 , 143 , 14540.76639592297
341 , 143 , 21542.798436377947
342 , 143 , 30368.24350343952
343 , 143 , 26240.21677898059
340 , 144 , 25595.80264117484
341 , 144 , 68025.5784568276
342 , 144 , 114090.8045360902
343 , 144 , 129513.34293382675
344 , 144 , 128546.63513021992
345 , 144 , 96444.06674021645
346 , 144 , 28188.762572135805
339 , 145 , 11114.104996471786
340 , 145 , 42748.03623347063
341 , 145 , 115830.97410811295
342 , 145 , 214409.71408719086
343 , 145 , 359507.7127178279
344 , 145 , 572612.5971394782
345 , 145 , 616243.30339735
346 , 145 , 403175.7378536956
347 , 145 , 199402.674536513
348 , 145 , 101576.00777996393
349 , 145 , 35000.01877990499
339 , 146 , 11491.727478384339
340 , 146 , 36716.531969531134
341 , 146 , 108108.50306222463
342 , 146 , 283267.9648731587
343 , 146 , 733506.44177707
344 , 146 , 1424565.3656771197
345 , 146 , 1675368.922703109
346 , 146 , 1272839.1301881536
347 , 146 , 761350.4220302696
348 , 146 , 366156.83794416283
349 , 146 , 101997.81025811005
350 , 146 , 11441.840202267585
76 , 147 , 20861.585658064774
340 , 147 , 15408.600207007301
341 , 147 , 69989.5114328264
342 , 147 , 344034.3084496276
343 , 147 , 1161066.446344399
344 , 147 , 2350421.5464859703
345 , 147 , 2807344.1819939474
346 , 147 , 2234299.6715865065
347 , 147 , 1368546.8265239452
348 , 147 , 608580.4904145875
349 , 147 , 146661.93292366285
350 , 147 , 13181.77436820425
76 , 148 , 22857.632066503113
77 , 148 , 10021.660954429346
341 , 148 , 38894.49892093122
342 , 148 , 392246.6373809805
343 , 148 , 1385463.57094887
344 , 148 , 2672476.5867305375
345 , 148 , 3073326.6207919642
346 , 148 , 2369459.922045085
347 , 148 , 1340056.1121445065
348 , 148 , 508837.32672781835
349 , 148 , 95002.30372853298
76 , 149 , 14733.49194775446
77 , 149 , 16974.328623060523
342 , 149 , 342605.4596835116
343 , 149 , 1167085.99835398
344 , 149 , 1976306.3641277258
345 , 149 , 1972691.1418114195
346 , 149 , 1242470.526899371
347 , 149 , 464216.0032555284
348 , 149 , 38134.64047505637
76 , 150 , 11783.189884659509
77 , 150 , 24456.863906421197
342 , 150 , 227770.4684735846
343 , 150 , 698247.140053303
344 , 150 , 898966.1534153258
345 , 150 , 548660.7756782696
77 , 151 , 17571.16717602918
342 , 151 , 114448.6034525433
343 , 151 , 289507.23805207945
344 , 151 , 164531.58044366777
38 , 152 , 17660.14056228577
39 , 152 , 34631.56573676507
40 , 152 , 51895.116810213614
41 , 152 , 51102.38248068759
42 , 152 , 28791.833983613455
43 , 152 , 12685.02539399594
342 , 152 , 47374.290104910615
343 , 152 , 67543.6292167597
37 , 153 , 21063.660997909115
38 , 153 , 104680.04186301789
39 , 153 , 171834.19802130788
40 , 153 , 216955.86721829267
41 , 153 , 187379.28112208436
42 , 153 , 104953.83073007141
43 , 153 , 42749.96725226562
44 , 153 , 16182.213651115366
342 , 153 , 31396.407572213015
36 , 154 , 35823.25649093525
37 , 154 , 253505.3748816197
38 , 154 , 495195.4261091944
39 , 154 , 550285.8683387977
40 , 154 , 498795.2868841532
41 , 154 , 336596.4033465892
42 , 154 , 167659.54999393498
43 , 154 , 59159.595769727784
44 , 154 , 17255.413693011513
131 , 154 , 78375.74915640001
132 , 154 , 84686.3474828966
133 , 154 , 27693.925134733992
342 , 154 , 13684.998522455186
35 , 155 , 84403.86592024693
36 , 155 , 374617.4508994787
37 , 155 , 1006734.8743505261
38 , 155 , 1467904.701597258
39 , 155 , 1299645.0818091203
40 , 155 , 872472.638627388
41 , 155 , 430677.0143160825
42 , 155 , 175484.07055208102
43 , 155 , 46312.24024609753
130 , 155 , 162844.0517054107
131 , 155 , 325106.1511573511
132 , 155 , 218109.53246755063
133 , 155 , 52749.795454516105
35 , 156 , 269702.2706632495
36 , 156 , 1014008.0506271445
37 , 156 , 2191783.2955005364
38 , 156 , 2819878.448990329
39 , 156 , 2226641.179959188
40 , 156 , 1200698.5134723862
41 , 156 , 410356.43153498915
42 , 156 , 111664.22478502695
129 , 156 , 33301.534037921636
130 , 156 , 346433.42233532626
131 , 156 , 471625.6552596688
132 , 156 , 273173.4550639646
133 , 156 , 28304.282020076003
300 , 156 , 14515.012072888847
301 , 156 , 22131.651413534855
302 , 156 , 18616.445062808147
35 , 157 , 296597.68039688875
36 , 157 , 1308876.3816612742
37 , 157 , 2784659.2385267057
38 , 157 , 3510640.3583415463
39 , 157 , 2696181.826053686
40 , 157 , 1292126.111195542
41 , 157 , 299785.12575192534
42 , 157 , 14705.906142011867
129 , 157 , 101648.04522744607
130 , 157 , 350348.1954080118
131 , 157 , 411986.04350500274
132 , 157 , 189099.3698637999
299 , 157 , 17908.76613627148
300 , 157 , 40981.31305326626
301 , 157 , 59063.59852426148
302 , 157 , 41843.4006549599
303 , 157 , 15368.195069049583
36 , 158 , 629854.8845768571
37 , 158 , 1883835.8403848477
38 , 158 , 2679193.5978424884
39 , 158 , 2199393.46817445
40 , 158 , 1045629.2580012706
41 , 158 , 177070.7692217488
129 , 158 , 75610.1112951242
130 , 158 , 215963.53566622175
131 , 158 , 217525.71353136108
132 , 158 , 33048.58016727393
299 , 158 , 35319.85966571102
300 , 158 , 88050.66495187653
301 , 158 , 117223.23313485332
302 , 158 , 72274.85691985744
303 , 158 , 20484.17614696246
37 , 159 , 178394.01161247236
38 , 159 , 970310.1307298408
39 , 159 , 1090927.6458189765
40 , 159 , 592742.5033992161
41 , 159 , 86418.34573733275
129 , 159 , 30832.234458050487
130 , 159 , 80633.3089727487
131 , 159 , 49863.755408472876
299 , 159 , 53476.26163830474
300 , 159 , 143871.5530922811
301 , 159 , 177975.23931346508
302 , 159 , 102438.43337743627
303 , 159 , 26901.31166716935
39 , 160 , 234731.84551554284
40 , 160 , 227850.1523495276
41 , 160 , 38173.26908178109
130 , 160 , 19835.33953326317
259 , 160 , 18375.572043249922
260 , 160 , 29671.2861670245
261 , 160 , 24026.340394140072
299 , 160 , 61424.243339336
300 , 160 , 174166.73345575927
301 , 160 , 208716.62381693712
302 , 160 , 127386.06725723148
303 , 160 , 47985.990468523625
304 , 160 , 13835.995375541934
40 , 161 , 52448.625633080715
41 , 161 , 16571.18855543088
249 , 161 , 38518.37083152836
250 , 161 , 72012.57136432515
251 , 161 , 81661.51007255017
252 , 161 , 56434.03844310595
253 , 161 , 22721.68302954715
258 , 161 , 18848.708707885868
259 , 161 , 49693.91546862917
260 , 161 , 78305.0396557188
261 , 161 , 53803.15277304873
299 , 161 , 54968.51602221444
300 , 161 , 158633.15834723404
301 , 161 , 185743.0278281528
302 , 161 , 122834.02435517308
303 , 161 , 61131.391876589754
304 , 161 , 26509.909791257356
245 , 162 , 11998.72465202955
246 , 162 , 50856.05211885842
247 , 162 , 160469.79962405775
248 , 162 , 358839.73970346653
249 , 162 , 534222.369167677
250 , 162 , 552287.8953817321
251 , 162 , 415943.00220526115
252 , 162 , 215821.27760809154
253 , 162 , 67814.77641672565
254 , 162 , 14193.535274993255
257 , 162 , 16324.160938570816
258 , 162 , 39507.59234941299
259 , 162 , 98892.53649239229
260 , 162 , 144595.1533311496
261 , 162 , 96416.916789612
299 , 162 , 39323.7949447351
300 , 162 , 107613.47668506311
301 , 162 , 117266.36669157066
302 , 162 , 78031.16110116296
303 , 162 , 43277.559371715906
304 , 162 , 21158.307847080352
245 , 163 , 37517.9538363162
246 , 163 , 167007.7677734271
247 , 163 , 477766.6650474284
248 , 163 , 965722.5873107119
249 , 163 , 1319066.888772508
250 , 163 , 1247412.048853725
251 , 163 , 856107.7498858962
252 , 163 , 407456.3205231995
253 , 163 , 118159.38778312561
254 , 163 , 21048.989547072826
257 , 163 , 26877.45860334958
258 , 163 , 64604.48582896226
259 , 163 , 144203.18354726507
260 , 163 , 197210.92689738772
261 , 163 , 135864.01075790444
262 , 163 , 12744.650810083433
299 , 163 , 21276.322395719468
300 , 163 , 48186.13149525456
301 , 163 , 43004.34828208944
302 , 163 , 24359.7113792025
303 , 163 , 12615.515048355956
247 , 164 , 414310.14500076295
248 , 164 , 1119388.8339710901
249 , 164 , 1635407.9957698537
250 , 164 , 1543098.5241781352
251 , 164 , 1026855.3523110114
252 , 164 , 466830.33218565607
253 , 164 , 128490.03580173294
254 , 164 , 20686.83901182637
257 , 164 , 19126.614718006298
258 , 164 , 52664.30601324168
259 , 164 , 123610.12848046963
260 , 164 , 175177.29850788083
261 , 164 , 133781.6460301229
262 , 164 , 36458.112748384236
299 , 164 , 10175.115804491761
300 , 164 , 11272.7005402453
248 , 165 , 524380.1010171508
249 , 165 , 1140453.9166354106
250 , 165 , 1193289.5919688218
251 , 165 , 814220.1387581205
252 , 165 , 358415.75632370287
253 , 165 , 90693.94151346936
254 , 165 , 12357.2590837782
258 , 165 , 18778.958981318097
259 , 165 , 61817.62341445502
260 , 165 , 103209.56212287687
261 , 165 , 91782.97042339694
262 , 165 , 39270.293377020964
282 , 165 , 15274.79179318505
283 , 165 , 19395.298592953317
284 , 165 , 17139.25357714348
285 , 165 , 12133.717849434677
249 , 166 , 528993.3026863519
250 , 166 , 712079.4773972508
251 , 166 , 529533.1815685735
252 , 166 , 229166.76759669452
253 , 166 , 50653.762805215665
259 , 166 , 13742.060922661283
260 , 166 , 37102.68521879916
261 , 166 , 40737.91294444608
262 , 166 , 23249.10956554752
282 , 166 , 17038.380369700135
283 , 166 , 14633.720525251803
249 , 167 , 387301.14658487355
250 , 167 , 523442.4785935988
251 , 167 , 402487.352077166
252 , 167 , 174268.92854731652
253 , 167 , 37072.643149561045
248 , 168 , 393434.006524427
249 , 168 , 646725.8711701479
250 , 168 , 581150.1434517083
251 , 168 , 380281.28292528854
252 , 168 , 153466.3379828213
253 , 168 , 33000.45892392167
247 , 169 , 235931.018285577
248 , 169 , 704169.3241706734
249 , 169 , 733663.4180374313
250 , 169 , 526216.2885539597
251 , 169 , 287815.7788610214
252 , 169 , 102057.83041840307
253 , 169 , 21113.20068699827
247 , 170 , 290706.0688083663
248 , 170 , 486715.8980960091
249 , 170 , 423852.4282772165
250 , 170 , 259244.8149491643
251 , 170 , 114818.2384426392
252 , 170 , 31044.145001551376
246 , 171 , 28040.037242117236
247 , 171 , 96970.58793951773
248 , 171 , 125595.48680329538
249 , 171 , 87525.71089776648
250 , 171 , 35747.16186514747
246 , 178 , 10301.394742452736
247 , 178 , 19966.827407942386
248 , 178 , 24988.454096226626
249 , 178 , 21147.535111863566
250 , 178 , 11711.737590642577
246 , 179 , 12809.09333025333
247 , 179 , 25230.661392222344
248 , 179 , 28737.84661282101
249 , 179 , 21206.16410859286
100 , 180 , 122145.0697815587
101 , 180 , 136663.1174009183
102 , 180 , 59621.920070751294
247 , 180 , 17017.015966259278
248 , 180 , 17846.571425336348
249 , 180 , 10550.712871073243
99 , 181 , 174285.01894708158
100 , 181 , 374028.985117068
101 , 181 , 356385.6290773961
102 , 181 , 121316.6344671098
98 , 182 , 43598.51088460325
99 , 182 , 351001.6698065793
100 , 182 , 587675.680659607
101 , 182 , 518302.0713685332
102 , 182 , 99077.45251972007
98 , 183 , 81005.37316276156
99 , 183 , 349145.7805104991
100 , 183 , 562020.2800552488
101 , 183 , 460973.93292869686
86 , 184 , 10975.858263063135
98 , 184 , 63871.42931574583
99 , 184 , 219172.99365106277
100 , 184 , 339204.1224447409
101 , 184 , 231324.50269745407
86 , 185 , 12013.031162950812
87 , 185 , 13486.470641059823
88 , 185 , 10349.870890084421
97 , 185 , 11167.597949204814
98 , 185 , 49676.68460709047
99 , 185 , 120060.09274741993
100 , 185 , 164190.16062291298
101 , 185 , 81782.01720403833
87 , 186 , 13903.60651763383
88 , 186 , 15802.25157352187
89 , 186 , 10915.835648262499
98 , 186 , 24982.78774105294
99 , 186 , 48764.571312387765
100 , 186 , 62785.77274192957
101 , 186 , 31497.957250002757
88 , 187 , 15736.598653063182
89 , 187 , 14334.285475899385
99 , 187 , 13646.82129359028
100 , 187 , 18826.49857329003
101 , 187 , 16669.786085528387
100 , 191 , 11439.005274089928
101 , 191 , 11254.364961270885
95 , 192 , 14917.487108248597
96 , 192 , 16405.604726122987
97 , 192 , 12002.806102841154
95 , 193 , 16543.553538042088
96 , 193 , 29393.288882183268
97 , 193 , 28163.113221744698
98 , 193 , 19287.244406410744
99 , 193 , 12033.066559182324
96 , 194 , 29758.481879673443
97 , 194 , 39729.81465530631
98 , 194 , 33300.90565670341
99 , 194 , 22278.669474487433
100 , 194 , 12785.726133028164
96 , 195 , 14313.108441145261
97 , 195 , 37245.95003849202
98 , 195 , 39945.7132451886
99 , 195 , 30809.287208208643
100 , 195 , 18842.467359195107
97 , 196 , 25389.509733319086
98 , 196 , 37071.45401305833
99 , 196 , 32554.62175932753
100 , 196 , 20778.468289268396
98 , 197 , 24220.587915988996
99 , 197 , 27596.33651320079
100 , 197 , 21088.83869627922
101 , 197 , 11455.993953740632
99 , 198 , 12479.879201032934
100 , 198 , 12570.553018924078
106 , 200 , 13970.046441701059
107 , 200 , 11871.012373685659
107 , 201 , 16496.739025297036
108 , 201 , 13149.20717726593
39 , 205 , 55203.31141645869
40 , 205 , 55548.477350446556
41 , 205 , 10785.57659836038
38 , 206 , 236793.70618957002
39 , 206 , 273151.2963200331
40 , 206 , 130646.3684197817
41 , 206 , 10461.506528327824
37 , 207 , 86506.5833483556
38 , 207 , 344754.88969079417
39 , 207 , 315483.46593611396
40 , 207 , 101478.20746948378
37 , 208 , 62449.0554079297
38 , 208 , 219326.41291504574
39 , 208 , 149005.83007924538
38 , 209 , 32018.889357275853
296 , 209 , 21516.85457145602
297 , 209 , 43851.60458739281
298 , 209 , 49828.54165623935
299 , 209 , 28809.332344751907
294 , 210 , 11765.897056045336
295 , 210 , 20932.489246928
296 , 210 , 26729.876074532862
297 , 210 , 44800.14929970255
298 , 210 , 62084.8891855984
299 , 210 , 58470.76839442014
300 , 210 , 31854.186822102944
37 , 211 , 13640.08127348253
293 , 211 , 18278.168476933948
294 , 211 , 129481.66307931105
295 , 211 , 267596.4803536962
296 , 211 , 275901.52339485957
297 , 211 , 173540.71699897724
298 , 211 , 77267.90154133955
299 , 211 , 34288.53654662671
300 , 211 , 24406.312503688212
301 , 211 , 11659.387575233792
294 , 212 , 340443.6858251742
295 , 212 , 926962.673581659
296 , 212 , 1091120.2785490935
297 , 212 , 757799.348073022
298 , 212 , 333048.83267881855
299 , 212 , 72520.7159300477
294 , 213 , 258409.77002718614
295 , 213 , 1404675.2543730652
296 , 213 , 1895938.068008147
297 , 213 , 1463656.000456523
298 , 213 , 751233.8036831011
299 , 213 , 237852.07627888088
300 , 213 , 34863.61154137258
125 , 214 , 11069.892276182847
126 , 214 , 19573.733955466952
127 , 214 , 13676.714781593038
295 , 214 , 1284018.735727488
296 , 214 , 1992140.7025594292
297 , 214 , 1645771.249931639
298 , 214 , 891616.3891226577
299 , 214 , 307586.0424633386
300 , 214 , 55766.50976446233
124 , 215 , 49794.47079186719
125 , 215 , 98014.94076439126
126 , 215 , 86759.14231717351
127 , 215 , 53155.119512709854
128 , 215 , 26031.591149764234
129 , 215 , 12239.721133326784
295 , 215 , 1053026.0827503207
296 , 215 , 1682236.4942314483
297 , 215 , 1428832.8593518678
298 , 215 , 777939.9874076053
299 , 215 , 266371.36881936196
300 , 215 , 49361.965334938504
123 , 216 , 29535.669459436263
124 , 216 , 147639.0847491067
125 , 216 , 183022.94826027442
126 , 216 , 150660.06910807523
127 , 216 , 109881.50547950796
128 , 216 , 76759.35340323261
129 , 216 , 45138.41495526676
130 , 216 , 21517.511412615393
131 , 216 , 16652.08147734363
132 , 216 , 17648.14623549962
133 , 216 , 15310.42387568668
294 , 216 , 321664.9285043981
295 , 216 , 1133169.4230040545
296 , 216 , 1471288.817118527
297 , 216 , 1192452.2149032415
298 , 216 , 626582.0901070818
299 , 216 , 202208.0353213661
300 , 216 , 34309.807246333046
45 , 217 , 12007.55896180607
123 , 217 , 81619.35305756994
124 , 217 , 146516.8849671884
125 , 217 , 152556.6254698799
126 , 217 , 211186.46213505717
127 , 217 , 334746.0370788284
128 , 217 , 395892.75726333744
129 , 217 , 288140.0946339529
130 , 217 , 111685.52889331913
131 , 217 , 39954.038445995226
132 , 217 , 37047.822938850964
133 , 217 , 33087.32015452845
293 , 217 , 171209.4710112475
294 , 217 , 802254.3620398736
295 , 217 , 1266476.6292328036
296 , 217 , 1307411.3913476064
297 , 217 , 972135.2547469797
298 , 217 , 491436.7268850676
299 , 217 , 152723.78284286786
300 , 217 , 24172.646295881008
43 , 218 , 10786.494721065741
44 , 218 , 16325.996930632275
45 , 218 , 20959.39970863086
126 , 218 , 430589.078616439
127 , 218 , 1042704.8083887415
128 , 218 , 1361439.5719433308
129 , 218 , 998870.257359497
130 , 218 , 320412.82050225185
292 , 218 , 16693.93515824279
293 , 218 , 342248.77502317727
294 , 218 , 725993.6115182753
295 , 218 , 938481.2679906238
296 , 218 , 861434.3951207257
297 , 218 , 598163.6324793831
298 , 218 , 294242.44600503624
299 , 218 , 91088.00351629328
300 , 218 , 14718.786551557658
42 , 219 , 17455.106105936367
43 , 219 , 23859.43127783616
44 , 219 , 27113.482794143107
45 , 219 , 24442.673429975275
46 , 219 , 12957.68235008256
125 , 219 , 44827.171872136416
126 , 219 , 817107.3305120884
127 , 219 , 1879138.888139573
128 , 219 , 2484680.0291069234
129 , 219 , 1822807.9001625585
130 , 219 , 476582.167338795
292 , 219 , 35861.59120303568
293 , 219 , 132948.15099803393
294 , 219 , 242888.63453414114
295 , 219 , 291904.75039401604
296 , 219 , 252438.18948031706
297 , 219 , 167432.8932859118
298 , 219 , 81452.84907034818
299 , 219 , 26442.05219329057
42 , 220 , 16162.854815166442
43 , 220 , 24398.678637608158
44 , 220 , 27956.700177471204
45 , 220 , 20591.68236291744
125 , 220 , 41729.005657706
126 , 220 , 775572.259364594
127 , 220 , 1943684.6610614317
128 , 220 , 2777998.201729494
129 , 220 , 2103711.60558436
130 , 220 , 421529.2819509611
43 , 221 , 21568.69108638284
44 , 221 , 30594.252545426603
45 , 221 , 22423.348456716747
125 , 221 , 20088.740322892263
126 , 221 , 509236.6382680123
127 , 221 , 1426048.7967713885
128 , 221 , 2209408.4951753444
129 , 221 , 1708750.512180382
130 , 221 , 205688.38955618802
43 , 222 , 19961.787098390967
44 , 222 , 35911.30830408584
45 , 222 , 31021.777236199752
55 , 222 , 19626.061430762464
56 , 222 , 41442.79843878822
57 , 222 , 25685.07255858503
126 , 222 , 172428.29025193205
127 , 222 , 664531.7677812097
128 , 222 , 1181558.1233289556
129 , 222 , 949626.3652536403
130 , 222 , 33105.05794852623
39 , 223 , 12718.227808456526
40 , 223 , 20418.55568178362
41 , 223 , 20934.76038992365
42 , 223 , 19193.889844541998
43 , 223 , 24981.7195776769
44 , 223 , 40788.517013669305
45 , 223 , 42148.79911014872
46 , 223 , 22164.482245537747
53 , 223 , 19777.674218181273
54 , 223 , 58901.39141146901
55 , 223 , 111140.44238811635
56 , 223 , 119758.78401249304
57 , 223 , 77553.38275048672
58 , 223 , 37534.92549562367
126 , 223 , 15987.969665134136
127 , 223 , 179573.56504792237
128 , 223 , 408959.36199136527
129 , 223 , 369067.1380646206
130 , 223 , 25194.631870168203
36 , 224 , 10634.636730432336
37 , 224 , 20334.026109214254
38 , 224 , 35815.516246413055
39 , 224 , 57340.86802536098
40 , 224 , 68663.21009073044
41 , 224 , 61044.50803504476
42 , 224 , 40705.07545947628
43 , 224 , 29107.63186498064
44 , 224 , 36723.3176061354
45 , 224 , 42276.809313904276
46 , 224 , 29835.726450336795
53 , 224 , 31249.1963927226
54 , 224 , 82978.91872291671
55 , 224 , 141330.40442925965
56 , 224 , 155708.38461650314
57 , 224 , 127302.25395697271
58 , 224 , 93440.91041197581
59 , 224 , 20873.513485147734
127 , 224 , 40421.281547157654
128 , 224 , 105645.47517954753
129 , 224 , 114951.75789349142
130 , 224 , 43657.936028231794
36 , 225 , 18580.61962041886
37 , 225 , 32587.71504693633
38 , 225 , 50406.83617358227
39 , 225 , 70002.81562110367
40 , 225 , 78153.1842645228
41 , 225 , 66424.99183561814
42 , 225 , 40795.25202801863
43 , 225 , 22933.7788800158
44 , 225 , 23606.094283778308
45 , 225 , 28202.785326332763
46 , 225 , 21328.880270065747
53 , 225 , 27719.648214928846
54 , 225 , 80314.28187482539
55 , 225 , 129714.57836866903
56 , 225 , 145093.08516598845
57 , 225 , 141431.19938562618
58 , 225 , 129224.30095302791
59 , 225 , 50372.947189329425
128 , 225 , 18886.11349909103
129 , 225 , 23860.26947539241
130 , 225 , 17369.152441894403
131 , 225 , 14448.503576693647
132 , 225 , 10155.392326074854
224 , 225 , 61297.43345157022
13 , 226 , 17309.41716856665
14 , 226 , 32105.538879749976
15 , 226 , 15535.275072554272
36 , 226 , 17266.08680704464
37 , 226 , 27981.501960009926
38 , 226 , 39677.09348601534
39 , 226 , 49787.96693487861
40 , 226 , 51780.53076071118
41 , 226 , 41629.707879349764
42 , 226 , 23692.986325953454
43 , 226 , 11321.634284025797
44 , 226 , 10237.543382753847
45 , 226 , 13081.231257691841
46 , 226 , 10917.617570363485
53 , 226 , 18941.894754972356
54 , 226 , 58899.1164713467
55 , 226 , 87807.78736212086
56 , 226 , 95954.23988221228
57 , 226 , 107158.49287326005
58 , 226 , 119047.59787258453
59 , 226 , 65118.28666212864
223 , 226 , 164440.91983756982
224 , 226 , 520849.9229343063
12 , 227 , 25012.546663275883
13 , 227 , 104877.90999935137
14 , 227 , 209354.33748240283
15 , 227 , 207125.9926274163
16 , 227 , 77965.2466191347
38 , 227 , 11658.979223736107
39 , 227 , 13900.867429651767
40 , 227 , 14130.769317206268
41 , 227 , 11131.109848849344
53 , 227 , 13249.439855586399
54 , 227 , 37763.65348017533
55 , 227 , 52916.35293476255
56 , 227 , 55300.00244155148
57 , 227 , 63165.16622464689
58 , 227 , 76893.4821722217
59 , 227 , 50056.55112020316
223 , 227 , 552419.2575833662
224 , 227 , 1217519.601409785
225 , 227 , 331699.0364926476
12 , 228 , 76480.42267151191
13 , 228 , 296337.3882708371
14 , 228 , 582410.1592566052
15 , 228 , 636578.5528790648
16 , 228 , 377061.78604693315
17 , 228 , 76209.0112526746
18 , 228 , 10071.635188640808
19 , 228 , 23183.303475784705
20 , 228 , 17047.224020234746
53 , 228 , 13259.420512603381
54 , 228 , 28105.938588996483
55 , 228 , 35038.54743831695
56 , 228 , 31414.64046690369
57 , 228 , 28796.73747333805
58 , 228 , 33151.362711226204
59 , 228 , 23883.8252271624
223 , 228 , 942486.6542848004
224 , 228 , 1615848.4895842737
225 , 228 , 536031.4821172929
327 , 228 , 15667.718192663124
12 , 229 , 159095.73280577763
13 , 229 , 546031.1516562948
14 , 229 , 1022342.451559973
15 , 229 , 1141114.0148959442
16 , 229 , 747371.7364390807
17 , 229 , 244790.63635119388
18 , 229 , 79216.06549589765
19 , 229 , 64463.549866918285
20 , 229 , 43679.5297123775
21 , 229 , 21075.8809683583
52 , 229 , 11844.127892843162
53 , 229 , 18136.266998693558
54 , 229 , 25893.989633002922
55 , 229 , 27116.713457235608
56 , 229 , 21765.27877213603
57 , 229 , 15853.025381741136
58 , 229 , 13921.388993884942
59 , 229 , 10631.264816909294
223 , 229 , 956717.1564164162
224 , 229 , 1430521.086233832
225 , 229 , 500617.563225792
326 , 229 , 18459.824981727972
327 , 229 , 12477.513885352393
12 , 230 , 163809.2320564671
13 , 230 , 625378.0583537867
14 , 230 , 1187894.6088218873
15 , 230 , 1363818.3802975477
16 , 230 , 938410.4879855283
17 , 230 , 336661.655194459
18 , 230 , 88438.08793376491
19 , 230 , 48017.96335929356
20 , 230 , 28924.208526301954
21 , 230 , 16256.63669828033
52 , 230 , 11049.92118950207
53 , 230 , 13637.554582748618
54 , 230 , 14999.812725146638
55 , 230 , 13302.393190576968
56 , 230 , 11084.7318343484
223 , 230 , 584274.8079538054
224 , 230 , 792247.26077913
225 , 230 , 285835.06100081257
326 , 230 , 16738.969322107936
13 , 231 , 366365.6148050288
14 , 231 , 851247.700796397
15 , 231 , 1075997.731236209
16 , 231 , 793921.0928463415
17 , 231 , 293516.1405358717
18 , 231 , 44844.65078515456
57 , 231 , 10085.817944351169
58 , 231 , 11236.607517564606
223 , 231 , 195959.4157553304
224 , 231 , 226155.56292886773
225 , 231 , 73225.89389357975
14 , 232 , 278229.9477210644
15 , 232 , 527122.7746484003
16 , 232 , 464765.9012555542
17 , 232 , 184606.016823224
58 , 232 , 10232.318376037681
223 , 232 , 21523.87996063945
224 , 232 , 22813.788888791227
15 , 233 , 75952.18295549654
16 , 233 , 186361.0341185212
17 , 233 , 98200.58115596953
16 , 234 , 19713.788901000808
17 , 234 , 43615.38665503214
66 , 235 , 12212.738882815618
67 , 235 , 19051.8460373548
68 , 235 , 14065.878870198656
67 , 236 , 12672.999130979872
68 , 236 , 14522.516462963387
69 , 236 , 11560.66375715124
251 , 236 , 597745.7784053665
252 , 236 , 1199574.7122847787
253 , 236 , 1102033.1097960582
254 , 236 , 702313.0428715592
255 , 236 , 309213.39145173336
256 , 236 , 92387.11271263706
257 , 236 , 20648.052993425365
69 , 237 , 11080.447560105327
70 , 237 , 17073.562764791688
71 , 237 , 16024.287428719203
72 , 237 , 11570.208458108798
73 , 237 , 16135.263369096938
74 , 237 , 25703.979612153693
75 , 237 , 20418.878137163236
250 , 237 , 1103490.5796405617
251 , 237 , 3232277.7853981485
252 , 237 , 4318373.740048249
253 , 237 , 3984528.0209598225
254 , 237 , 2694937.8310052194
255 , 237 , 1266477.9948909262
256 , 237 , 393052.76726308186
257 , 237 , 81219.46869621551
71 , 238 , 14969.822110788848
72 , 238 , 29394.491157573902
73 , 238 , 53875.229198414396
74 , 238 , 62933.63880614037
75 , 238 , 34936.2009978905
249 , 238 , 614316.9879683042
250 , 238 , 2555951.6371077723
251 , 238 , 5299149.053144435
252 , 238 , 7027041.764902182
253 , 238 , 6813509.561989166
254 , 238 , 4863385.515192916
255 , 238 , 2400002.9478411786
256 , 238 , 774549.347405154
257 , 238 , 158699.03666974505
258 , 238 , 17887.168315935196
72 , 239 , 22840.169042597314
73 , 239 , 42383.75166425911
74 , 239 , 45478.49538401977
75 , 239 , 18358.594402207615
247 , 239 , 35833.19069184827
248 , 239 , 235600.4208606243
249 , 239 , 890912.4420253648
250 , 239 , 2499191.3479117937
251 , 239 , 4787166.241588306
252 , 239 , 6374581.5958641395
253 , 239 , 6304900.043197866
254 , 239 , 4566572.622251848
255 , 239 , 2268667.8797589066
256 , 239 , 734184.290170378
257 , 239 , 149597.24954513577
258 , 239 , 17494.653733458672
73 , 240 , 16478.91616786651
74 , 240 , 17479.892117360603
205 , 240 , 209338.23033581162
206 , 240 , 698603.3178113312
207 , 240 , 931580.8123068111
208 , 240 , 514332.40427590907
247 , 240 , 36315.83824343378
248 , 240 , 153731.04981781947
249 , 240 , 493799.9819330941
250 , 240 , 1300014.5614851594
251 , 240 , 2468428.963765229
252 , 240 , 3316101.778576793
253 , 240 , 3299121.9041316323
254 , 240 , 2350761.9003224
255 , 240 , 1115542.1539931032
256 , 240 , 330378.796822779
257 , 240 , 56616.64336275999
74 , 241 , 10564.510376782246
75 , 241 , 16299.827636530741
76 , 241 , 21667.768551537032
203 , 241 , 20462.599584321142
204 , 241 , 678580.651903285
205 , 241 , 2406354.4656132883
206 , 241 , 4511694.732304275
207 , 241 , 5636094.022981836
208 , 241 , 4847241.248037661
209 , 241 , 2840926.7422924647
210 , 241 , 1220820.1928786633
211 , 241 , 418378.8904603567
212 , 241 , 110356.28182529565
213 , 241 , 22511.759315776537
250 , 241 , 161586.27106672496
251 , 241 , 481690.08719742985
252 , 241 , 799193.979418048
253 , 241 , 886779.8269655948
254 , 241 , 607241.3033901715
255 , 241 , 219265.8955153866
69 , 242 , 11321.296580441345
70 , 242 , 11027.07781651885
71 , 242 , 11146.901206047049
72 , 242 , 11389.422856070263
73 , 242 , 10467.153049855504
75 , 242 , 11277.695627440906
76 , 242 , 14121.72008825876
203 , 242 , 251089.55431355606
204 , 242 , 1511791.4642084464
205 , 242 , 4156331.1204990754
206 , 242 , 7007073.465969932
207 , 242 , 8185230.436960263
208 , 242 , 6687991.449967853
209 , 242 , 3693937.571407077
210 , 242 , 1409099.7545904445
211 , 242 , 384854.5400203916
212 , 242 , 63791.851891217644
70 , 243 , 15036.717933358414
71 , 243 , 22955.254026697527
72 , 243 , 20178.80920327775
73 , 243 , 13630.431517539622
202 , 243 , 21414.263401728327
203 , 243 , 306391.7034775417
204 , 243 , 1450478.9373918767
205 , 243 , 3712823.9231066927
206 , 243 , 6039141.360683317
207 , 243 , 6725883.721944563
208 , 243 , 5050437.964497741
209 , 243 , 2324714.5804139534
210 , 243 , 552279.2773974357
254 , 243 , 11517.78200367582
70 , 244 , 94787.40159085463
71 , 244 , 115779.13662251845
72 , 244 , 67741.62098335619
73 , 244 , 27191.623686327417
79 , 244 , 10846.730903468098
203 , 244 , 54344.60081136366
204 , 244 , 650939.639113086
205 , 244 , 1995923.7929496937
206 , 244 , 3373132.1940874616
207 , 244 , 3541189.077392795
208 , 244 , 2235991.573658743
209 , 244 , 518912.4494692652
253 , 244 , 50864.917761265184
254 , 244 , 14921.662045736826
69 , 245 , 265881.5396500267
70 , 245 , 646993.5009635497
71 , 245 , 563245.8090328914
72 , 245 , 275898.40741651633
73 , 245 , 81764.37698441253
79 , 245 , 10757.267843930447
80 , 245 , 14104.247655479252
204 , 245 , 314153.2954574174
205 , 245 , 1038785.5584575785
206 , 245 , 1642905.570505329
207 , 245 , 1439628.9873480857
208 , 245 , 552287.8527639755
252 , 245 , 32308.97576538367
253 , 245 , 47035.528392172666
68 , 246 , 65169.55836714362
69 , 246 , 1240792.7292604723
70 , 246 , 1995286.0314189806
71 , 246 , 1585939.8693163171
72 , 246 , 752514.7497479143
73 , 246 , 203361.2484862202
81 , 246 , 10863.070569297603
204 , 246 , 132458.8412338637
205 , 246 , 462089.3934812657
206 , 246 , 641109.361985577
207 , 246 , 402045.5289968242
251 , 246 , 10650.045844188775
252 , 246 , 41792.35671595187
253 , 246 , 16359.227102582765
68 , 247 , 710608.9589477836
69 , 247 , 2690212.983988776
70 , 247 , 3854889.9820905533
71 , 247 , 3060317.459538725
72 , 247 , 1521541.9305988883
73 , 247 , 443711.81435380614
74 , 247 , 24139.693817500753
82 , 247 , 16142.378370680795
83 , 247 , 11852.422097944262
204 , 247 , 70217.3454245542
205 , 247 , 195191.09547521814
206 , 247 , 221095.74676874737
207 , 247 , 81545.81497735385
251 , 247 , 19153.88793123
252 , 247 , 15556.053725247104
38 , 248 , 12606.47232248482
39 , 248 , 61255.45849095591
40 , 248 , 79598.94146243739
41 , 248 , 38251.025803915676
68 , 248 , 1273878.0029514758
69 , 248 , 3505397.540199857
70 , 248 , 4687345.0108179925
71 , 248 , 3642417.4855351187
72 , 248 , 1779349.4579928224
73 , 248 , 482351.30459083
82 , 248 , 10746.624589543388
83 , 248 , 15295.944242543434
204 , 248 , 23884.626469372786
205 , 248 , 66106.47610185947
206 , 248 , 70767.05270469823
207 , 248 , 23880.123680697663
38 , 249 , 111038.16223650936
39 , 249 , 243466.19480515638
40 , 249 , 243408.50830452904
41 , 249 , 56936.74844511022
68 , 249 , 1235666.0935271988
69 , 249 , 2858259.5164312497
70 , 249 , 3516168.2672789986
71 , 249 , 2472106.2167113926
72 , 249 , 962651.9667888489
73 , 249 , 44828.35249286576
83 , 249 , 10599.305710451272
84 , 249 , 10095.228968257483
205 , 249 , 11676.948785972267
206 , 249 , 15690.851550485517
236 , 249 , 26254.962240591845
237 , 249 , 46854.1284533388
238 , 249 , 16141.983945035056
37 , 250 , 65142.06560559553
38 , 250 , 253442.9938196456
39 , 250 , 447765.7494886044
40 , 250 , 381610.5911614428
41 , 250 , 16384.989781090466
67 , 250 , 90240.29656118479
68 , 250 , 670489.6037404404
69 , 250 , 1336198.4408857585
70 , 250 , 1362716.9065500298
71 , 250 , 540498.0832772569
236 , 250 , 87782.55164828402
237 , 250 , 189455.406769012
238 , 250 , 115272.8285470283
36 , 251 , 18826.335942722053
37 , 251 , 124114.56119718819
38 , 251 , 345728.00828938774
39 , 251 , 538872.7605728118
40 , 251 , 416447.901834234
67 , 251 , 34797.19259651658
68 , 251 , 143283.37324558498
69 , 251 , 154158.96613183976
236 , 251 , 102286.05189816724
237 , 251 , 388205.1847337029
238 , 251 , 308638.48258109135
36 , 252 , 33255.141941437905
37 , 252 , 139057.35249337202
38 , 252 , 338136.78315637633
39 , 252 , 496765.01079587225
40 , 252 , 383155.00567195687
41 , 252 , 12965.633139977464
237 , 252 , 529750.7800001277
238 , 252 , 522109.7849553261
239 , 252 , 106344.68550036685
36 , 253 , 26664.333333691025
37 , 253 , 109203.65854774078
38 , 253 , 264186.18493303366
39 , 253 , 399108.52858845063
40 , 253 , 361144.99588528654
41 , 253 , 141338.8647344521
237 , 253 , 586907.5000827353
238 , 253 , 627961.8495621242
239 , 253 , 258653.44094149885
36 , 254 , 16561.73077327973
37 , 254 , 70867.57972408117
38 , 254 , 176988.22262668842
39 , 254 , 284690.7373739148
40 , 254 , 308589.18132246315
41 , 254 , 215784.66974739966
42 , 254 , 69469.25097887364
236 , 254 , 122871.49327185156
237 , 254 , 582903.817628262
238 , 254 , 588513.0285382879
239 , 254 , 299020.50060893997
240 , 254 , 35782.60923429593
37 , 255 , 37700.849545961566
38 , 255 , 93271.08041904325
39 , 255 , 153829.62287370418
40 , 255 , 178609.3777270487
41 , 255 , 141448.01671418443
42 , 255 , 68345.00099575403
43 , 255 , 13504.310704170235
236 , 255 , 333794.8072885723
237 , 255 , 530236.9664983255
238 , 255 , 463485.9912291184
239 , 255 , 244572.23641230157
240 , 255 , 61010.30536518094
299 , 255 , 14535.859362895833
38 , 256 , 24420.46178174959
39 , 256 , 42036.68774189892
40 , 256 , 50825.29816746595
41 , 256 , 41166.63566377337
42 , 256 , 20407.362334993584
234 , 256 , 31352.466117413394
235 , 256 , 233757.59118468087
236 , 256 , 375820.5249207981
237 , 256 , 387684.1991645815
238 , 256 , 285514.1537173099
239 , 256 , 138454.80229639125
240 , 256 , 35876.41243227177
299 , 256 , 38560.885453977644
233 , 257 , 10269.214765091052
234 , 257 , 79347.90617666833
235 , 257 , 169616.41851004615
236 , 257 , 202194.1217806817
237 , 257 , 168732.84626368489
238 , 257 , 104873.53594645622
239 , 257 , 43427.07564784861
298 , 257 , 36348.50943009289
299 , 257 , 45019.854839627485
234 , 258 , 27674.321052063573
235 , 258 , 45761.275806779246
236 , 258 , 43251.83662671891
237 , 258 , 27013.018408295142
238 , 258 , 11617.214758801942
298 , 258 , 52107.46074078469
299 , 258 , 20017.892732121574
298 , 259 , 38470.414827759785
291 , 265 , 36968.514363407536
292 , 265 , 72634.63734271243
290 , 266 , 25276.051029822032
291 , 266 , 173228.68683499866
292 , 266 , 380268.1936699513
293 , 266 , 287601.2573473118
300 , 266 , 18645.60221715526
108 , 267 , 11425.410808213439
109 , 267 , 19047.093664307118
255 , 267 , 31822.88921372545
256 , 267 , 53857.85320441393
257 , 267 , 47150.87725580575
258 , 267 , 18470.75566278321
291 , 267 , 177246.77647036756
292 , 267 , 536965.1566736309
293 , 267 , 397596.23797077127
300 , 267 , 25088.94945821153
109 , 268 , 11058.593453453363
251 , 268 , 10190.144080177688
252 , 268 , 51054.86808735173
253 , 268 , 172250.78301122
254 , 268 , 367761.7775081303
255 , 268 , 513010.62134475645
256 , 268 , 467002.1565188446
257 , 268 , 279661.3791056742
258 , 268 , 42963.48814854826
292 , 268 , 51171.7706254269
299 , 268 , 12945.090915296205
300 , 268 , 16422.63013911566
200 , 269 , 18585.135444207244
201 , 269 , 22261.568593040523
202 , 269 , 20562.573096114356
203 , 269 , 15406.262582613112
251 , 269 , 34123.496193879575
252 , 269 , 165632.68487187944
253 , 269 , 477109.52209964476
254 , 269 , 887282.9291094549
255 , 269 , 1084038.9579521036
256 , 269 , 812056.2254403299
257 , 269 , 281102.8962530003
199 , 270 , 44854.05107869497
200 , 270 , 83375.17819110266
201 , 270 , 94128.39811351348
202 , 270 , 85067.29988532618
203 , 270 , 62804.91091888724
204 , 270 , 29801.14174924911
251 , 270 , 50855.46148019027
252 , 270 , 232436.62545150795
253 , 270 , 618572.8395076137
254 , 270 , 1040603.3097253432
255 , 270 , 1084296.7721464355
256 , 270 , 513828.9890858823
128 , 271 , 16247.123432393522
129 , 271 , 10538.961587355585
200 , 271 , 56739.1835340925
201 , 271 , 155934.80478737157
202 , 271 , 208921.6498304245
203 , 271 , 179298.4048328814
204 , 271 , 86450.9198594496
205 , 271 , 20781.689659750646
251 , 271 , 57950.391894096
252 , 271 , 266025.8263537018
253 , 271 , 682027.0937258268
254 , 271 , 1061029.6582438354
255 , 271 , 908481.7819273334
256 , 271 , 42495.41175945685
130 , 272 , 22705.96643621297
131 , 272 , 26746.27769352262
132 , 272 , 17195.57984199842
201 , 272 , 227574.42527349654
202 , 272 , 508161.89347160765
203 , 272 , 445154.79080828186
204 , 272 , 207509.13803187927
205 , 272 , 48503.95418167219
251 , 272 , 80444.73476435734
252 , 272 , 366134.00879922113
253 , 272 , 918151.4227377616
254 , 272 , 1412433.258536122
255 , 272 , 1209303.0988064306
256 , 272 , 96670.04181611142
29 , 273 , 16941.5926654258
30 , 273 , 13787.004112091357
116 , 273 , 16093.364002532197
117 , 273 , 18185.862779654588
130 , 273 , 57851.275740636134
131 , 273 , 79786.39629650966
201 , 273 , 930996.7842217844
202 , 273 , 1441384.6880412505
203 , 273 , 1098538.8005285729
204 , 273 , 493908.12517740007
205 , 273 , 126055.33069604845
206 , 273 , 14123.671596547441
250 , 273 , 12748.621281217436
251 , 273 , 122435.50273044364
252 , 273 , 519458.350242743
253 , 273 , 1257331.250931601
254 , 273 , 1953237.0779279002
255 , 273 , 1849585.9291932434
256 , 273 , 668214.8131609254
29 , 274 , 66444.5317851767
30 , 274 , 50798.64674679451
31 , 274 , 16331.463324901924
117 , 274 , 16116.440331128853
118 , 274 , 23135.111930421997
200 , 274 , 669657.0796698949
201 , 274 , 2556179.8789099217
202 , 274 , 3100016.922191443
203 , 274 , 2176086.7231444125
204 , 274 , 972010.0316586329
205 , 274 , 263812.80149710306
206 , 274 , 35261.75109895192
250 , 274 , 13455.776870268626
251 , 274 , 117730.61996318722
252 , 274 , 489653.77249171154
253 , 274 , 1180874.1559053827
254 , 274 , 1870909.107386769
255 , 274 , 1905406.304899835
256 , 274 , 1013093.4276382953
29 , 275 , 123537.6311615597
30 , 275 , 81763.7635801875
31 , 275 , 15016.06563026963
76 , 275 , 25845.16526576171
77 , 275 , 22676.591797977824
118 , 275 , 13787.494549016043
119 , 275 , 22208.781202954626
200 , 275 , 2055184.7871549334
201 , 275 , 4369785.642047346
202 , 275 , 4734153.121796223
203 , 275 , 3220551.986247272
204 , 275 , 1456365.5018391106
205 , 275 , 412820.5942178044
206 , 275 , 61019.77100612664
251 , 275 , 24393.204340359487
252 , 275 , 204195.77025083068
253 , 275 , 589809.4397470634
254 , 275 , 1011392.7577376174
255 , 275 , 1098523.7176820764
256 , 275 , 676739.5783320762
257 , 275 , 155814.0315696784
28 , 276 , 37240.31303362304
29 , 276 , 150854.28949675738
30 , 276 , 81752.29275531298
32 , 276 , 16009.513774529521
33 , 276 , 23866.803778240464
34 , 276 , 15999.324124898218
35 , 276 , 14272.872133210272
36 , 276 , 11017.201365775527
68 , 276 , 10899.11307947159
69 , 276 , 36180.44056106366
70 , 276 , 51512.72414085906
71 , 276 , 35308.662635941175
72 , 276 , 46584.509119501105
73 , 276 , 107888.25144336815
74 , 276 , 181389.03682017676
75 , 276 , 198931.1984843249
76 , 276 , 131865.69036985317
77 , 276 , 54638.8282858445
78 , 276 , 16419.77474167353
119 , 276 , 14885.298348450953
199 , 276 , 329818.56887864764
200 , 276 , 2825402.9225626867
201 , 276 , 4742391.475900892
202 , 276 , 4722003.665643431
203 , 276 , 3080894.7832943676
204 , 276 , 1350497.9346340543
205 , 276 , 364392.4150300346
206 , 276 , 48485.95863186971
254 , 276 , 80448.89656814202
255 , 276 , 177617.04543968104
256 , 276 , 142252.11852973292
257 , 276 , 48215.79767557251
28 , 277 , 58230.68714376987
29 , 277 , 140816.94246735552
30 , 277 , 76682.56926060465
31 , 277 , 34929.76291648147
32 , 277 , 70901.06265584256
33 , 277 , 68619.13115866036
34 , 277 , 35232.977614037816
35 , 277 , 22519.58429308202
36 , 277 , 21430.112871966194
37 , 277 , 10743.918176269894
68 , 277 , 26905.844558272707
69 , 277 , 87100.26118956934
70 , 277 , 183750.395219383
71 , 277 , 293318.1263544271
72 , 277 , 398052.10211522947
73 , 277 , 490831.93318542605
74 , 277 , 528032.040315996
75 , 277 , 422961.20847940084
76 , 277 , 220516.05533089672
77 , 277 , 70640.35095908766
78 , 277 , 11888.774074361256
199 , 277 , 634897.7342297542
200 , 277 , 2067575.3432980704
201 , 277 , 2932589.8521586163
202 , 277 , 2580805.5149047244
203 , 277 , 1448333.4222797267
204 , 277 , 470358.9779930302
205 , 277 , 38225.75776264386
28 , 278 , 47244.39155811636
29 , 278 , 92385.01338231412
30 , 278 , 67864.89936555413
31 , 278 , 83367.90470124964
32 , 278 , 135183.01030130114
33 , 278 , 111959.39817274315
34 , 278 , 46177.24633355555
35 , 278 , 18486.802940466143
36 , 278 , 26682.867706524114
37 , 278 , 25321.224467553267
68 , 278 , 53381.24080012611
69 , 278 , 133691.468322735
70 , 278 , 182669.20723298856
71 , 278 , 146718.15661721723
72 , 278 , 116603.24138277723
73 , 278 , 235433.34783821646
74 , 278 , 411705.4877432954
75 , 278 , 395762.84138411103
76 , 278 , 200431.09034875483
77 , 278 , 45138.275325888935
198 , 278 , 20231.628018166804
199 , 278 , 311635.1450567348
200 , 278 , 737079.7509918435
201 , 278 , 827641.580462795
202 , 278 , 465214.32851303415
28 , 279 , 22232.452590408626
29 , 279 , 36583.76353417554
30 , 279 , 40180.78059637343
31 , 279 , 78308.99696805532
32 , 279 , 116779.75368310089
33 , 279 , 80953.47786256694
37 , 279 , 33745.60323351311
38 , 279 , 25828.331110937423
68 , 279 , 119580.56305858254
69 , 279 , 196906.68508578558
74 , 279 , 21665.416329036118
75 , 279 , 211270.88879877306
76 , 279 , 115266.14485071304
155 , 279 , 47091.56760433913
156 , 279 , 55144.49443534567
157 , 279 , 20862.79831220831
158 , 279 , 14297.067978960149
172 , 279 , 14881.022259613717
173 , 279 , 10729.24188062031
175 , 279 , 18370.645328211594
176 , 279 , 22902.651008857556
177 , 279 , 18087.573819212997
178 , 279 , 12191.61485988249
179 , 279 , 10460.588198935648
199 , 279 , 39375.23471671296
30 , 280 , 11997.539911757303
31 , 280 , 27718.004171951034
32 , 280 , 28731.778775586397
37 , 280 , 14938.635529252468
38 , 280 , 29683.41285035076
39 , 280 , 16194.360246281187
68 , 280 , 89716.81551237986
69 , 280 , 165091.7057004359
75 , 280 , 64801.07464418188
76 , 280 , 43886.423557865564
128 , 280 , 15549.470072351709
129 , 280 , 24347.03818520363
139 , 280 , 12777.929542290265
140 , 280 , 15238.072615892597
141 , 280 , 10024.016886088524
155 , 280 , 15171.764073827762
156 , 280 , 13042.455844753222
39 , 281 , 10332.365626090344
75 , 281 , 11925.384929476277
76 , 281 , 13351.762597143024
139 , 281 , 10322.422055601248
75 , 282 , 15092.332827820399
76 , 282 , 11751.177077480905
147 , 282 , 12482.196892064918
148 , 282 , 16178.07311860632
149 , 282 , 25128.10455239931
150 , 282 , 30275.830386012174
151 , 282 , 18889.55799608279
154 , 282 , 16776.46333171984
155 , 282 , 13735.427955970186
42 , 283 , 20265.14518190783
43 , 283 , 15012.413754628578
75 , 283 , 17332.894484530385
76 , 283 , 11333.086478008478
145 , 283 , 14899.684877039603
146 , 283 , 23210.48681655079
147 , 283 , 29787.329290680136
148 , 283 , 51632.73370901743
149 , 283 , 99042.3638106861
150 , 283 , 114699.87903634398
151 , 283 , 45038.35836887947
156 , 283 , 17409.545817148235
157 , 283 , 15034.876142797388
40 , 284 , 24719.912496978126
41 , 284 , 143261.28082107875
42 , 284 , 168167.11581630504
43 , 284 , 121567.77593571825
44 , 284 , 45575.135679141895
75 , 284 , 10102.206832599855
144 , 284 , 12502.721984674958
145 , 284 , 24120.302465046505
146 , 284 , 26956.85892039662
147 , 284 , 42348.17892589104
148 , 284 , 114044.484809011
149 , 284 , 246957.93275342995
150 , 284 , 274086.46791184443
151 , 284 , 85963.11673634403
156 , 284 , 18440.524388322432
157 , 284 , 12281.809269510493
39 , 285 , 43125.058931000065
40 , 285 , 427896.5255213012
41 , 285 , 684222.3190708791
42 , 285 , 688071.4201149164
43 , 285 , 430405.1657832701
44 , 285 , 38720.441012535885
71 , 285 , 19228.58148644431
72 , 285 , 11946.38696051031
147 , 285 , 12202.807448554784
148 , 285 , 177877.0572266082
149 , 285 , 428579.37621786364
150 , 285 , 455142.636312611
151 , 285 , 127764.8759880254
38 , 286 , 28423.91731025104
39 , 286 , 432601.28289688437
40 , 286 , 996897.6505652149
41 , 286 , 1394804.9525080558
42 , 286 , 1320216.6298796565
43 , 286 , 657242.4164792858
70 , 286 , 17290.746218012006
71 , 286 , 31603.638690702897
72 , 286 , 16286.929579471082
96 , 286 , 12316.003886223176
148 , 286 , 213208.4640394784
149 , 286 , 533015.8491945374
150 , 286 , 537902.1619933682
151 , 286 , 151722.63416105398
33 , 287 , 10564.455812501064
34 , 287 , 25533.798509535976
35 , 287 , 48223.280259267005
36 , 287 , 74977.86706362583
37 , 287 , 118165.5182054388
38 , 287 , 248464.19535179122
39 , 287 , 572534.8307324306
40 , 287 , 1059822.7859477424
41 , 287 , 1456021.5812270853
42 , 287 , 1324006.8352643824
43 , 287 , 393235.7585975542
95 , 287 , 13173.082292990173
96 , 287 , 18620.487314261438
97 , 287 , 17635.33456270953
98 , 287 , 14141.686826398494
99 , 287 , 11582.06338433015
148 , 287 , 157997.76379754813
149 , 287 , 452237.8111476871
150 , 287 , 441411.15589500684
151 , 287 , 132484.6043181141
34 , 288 , 23144.460805891806
35 , 288 , 54502.87176597103
36 , 288 , 95888.66521049874
37 , 288 , 130490.23324154294
38 , 288 , 161149.84886863164
39 , 288 , 245081.4631752516
40 , 288 , 453895.788650661
41 , 288 , 716413.6630436312
42 , 288 , 621600.0425159303
95 , 288 , 11680.571348936825
96 , 288 , 17936.90262033724
97 , 288 , 19415.418098197417
98 , 288 , 17894.263972305216
99 , 288 , 15310.984895477668
100 , 288 , 10185.200111164331
148 , 288 , 27001.37723115459
149 , 288 , 253689.67945496686
150 , 288 , 249710.15430274696
151 , 288 , 79907.79179282043
35 , 289 , 22849.619849447132
36 , 289 , 36569.20848800923
37 , 289 , 26788.688132865034
97 , 289 , 11849.697051434283
98 , 289 , 11761.59941739552
149 , 289 , 74259.7556338158
150 , 289 , 87798.23999024773
151 , 289 , 31654.824022350167
150 , 290 , 12048.088370114592
168 , 290 , 15094.486147121475
169 , 290 , 11697.094243784868
168 , 291 , 14396.739682830852
169 , 291 , 17197.179413157704
171 , 292 , 15665.375403766519
172 , 292 , 19590.68823872001
173 , 292 , 10435.542676697318
172 , 293 , 19276.859996542524
173 , 293 , 11933.673250593587
174 , 295 , 10411.48644543963
198 , 296 , 12996.457187920729
255 , 296 , 19167.574853742462
198 , 297 , 15754.068319144406
199 , 297 , 18620.908888759746
254 , 297 , 27585.26555009243
255 , 297 , 30806.883604962655
356 , 297 , 13470.247929573296
166 , 298 , 12501.825046269005
167 , 298 , 11338.552750105035
198 , 298 , 14546.339922920683
199 , 298 , 20129.904927177282
254 , 298 , 48852.83841143265
255 , 298 , 29416.098692949658
198 , 299 , 10621.534326696523
199 , 299 , 12742.60921583246
254 , 299 , 44399.014708271316
255 , 299 , 20520.873613462496
170 , 300 , 21075.790151698693
171 , 300 , 37579.26368994418
172 , 300 , 22284.404375912913
175 , 300 , 16536.789691793267
176 , 300 , 46269.86046311457
177 , 300 , 55363.00567209475
178 , 300 , 29039.714252982147
199 , 300 , 16319.43461224172
254 , 300 , 32200.972963134176
255 , 300 , 11771.131801639227
359 , 300 , 25185.65711520624
360 , 300 , 23047.899727034463
169 , 301 , 10589.6127965899
170 , 301 , 37085.85352125141
171 , 301 , 74848.47333936338
172 , 301 , 106748.56697005867
173 , 301 , 209609.57304987058
174 , 301 , 367744.08926873794
175 , 301 , 393068.0032420932
176 , 301 , 332565.0418686393
177 , 301 , 207643.5550950746
178 , 301 , 73661.0233666603
179 , 301 , 12845.726989290462
199 , 301 , 15985.42341390012
253 , 301 , 13096.271695273346
254 , 301 , 23168.539752186967
352 , 301 , 36602.22521655699
353 , 301 , 64646.90909365962
354 , 301 , 36042.70886118151
356 , 301 , 32137.520351104788
357 , 301 , 155126.1791718229
358 , 301 , 240757.3471335087
359 , 301 , 212923.0927318703
360 , 301 , 109700.17719961538
361 , 301 , 28474.925559342842
169 , 302 , 10990.139782124596
170 , 302 , 31579.871605227556
171 , 302 , 79544.81378990391
172 , 302 , 201873.0576086
173 , 302 , 510107.00371251674
174 , 302 , 812965.1566377147
175 , 302 , 793200.335171445
176 , 302 , 578178.1353580235
177 , 302 , 288881.24089501996
178 , 302 , 74473.91273437986
199 , 302 , 11074.404238012685
253 , 302 , 20037.519052097632
254 , 302 , 15184.859900475594
351 , 302 , 38090.22434091257
352 , 302 , 105805.17482478319
353 , 302 , 191715.29463111467
354 , 302 , 241147.36605666208
355 , 302 , 377039.1316798531
356 , 302 , 743608.8138148928
357 , 302 , 1055850.576478878
358 , 302 , 1042984.5484779032
359 , 302 , 720093.9029231002
360 , 302 , 337788.3386287158
361 , 302 , 91538.69433161114
362 , 302 , 10908.274077793249
169 , 303 , 12385.730254428636
170 , 303 , 22351.569718904673
171 , 303 , 84782.19560607316
172 , 303 , 310560.7302277301
173 , 303 , 748652.6206755181
174 , 303 , 1017047.9709803155
175 , 303 , 840434.085412479
176 , 303 , 485867.5078444147
177 , 303 , 158961.22022116784
199 , 303 , 17651.216281250767
204 , 303 , 12213.295829153329
205 , 303 , 55278.16189903658
206 , 303 , 31281.99191065404
253 , 303 , 24996.868302164603
254 , 303 , 10492.3876540345
350 , 303 , 10740.543092983055
351 , 303 , 37585.08250277114
352 , 303 , 104701.15584007216
353 , 303 , 229336.08190855547
354 , 303 , 466607.8632012299
355 , 303 , 1088853.1144884783
356 , 303 , 2034828.9982281346
357 , 303 , 2549066.326068493
358 , 303 , 2256889.1932694493
359 , 303 , 1436471.546926515
360 , 303 , 640588.2529966172
361 , 303 , 169328.86373876687
362 , 303 , 19696.14025753109
169 , 304 , 10812.74762394402
170 , 304 , 14326.507837111634
171 , 304 , 94219.03629948126
172 , 304 , 367770.7171457869
173 , 304 , 756983.2607114456
174 , 304 , 825201.0743791306
175 , 304 , 489978.8142593836
176 , 304 , 112331.95332245505
199 , 304 , 19502.14102224008
200 , 304 , 11294.086175745193
202 , 304 , 80376.39154216944
203 , 304 , 235928.7828160784
204 , 304 , 321158.29299900925
205 , 304 , 241295.8076197847
206 , 304 , 94649.37518830027
207 , 304 , 11581.471886548625
253 , 304 , 23499.850771801975
353 , 304 , 150165.14625222466
354 , 304 , 680933.7119436902
355 , 304 , 1937580.2674906626
356 , 304 , 3435115.3820311604
357 , 304 , 3972895.38874711
358 , 304 , 3262764.838886004
359 , 304 , 1935581.9540833782
360 , 304 , 799607.4968170896
361 , 304 , 194112.89948681902
362 , 304 , 20114.56584446167
171 , 305 , 93454.63376620915
172 , 305 , 315211.7562633186
173 , 305 , 477752.5499249693
174 , 305 , 267479.695054573
199 , 305 , 12494.372157904521
200 , 305 , 13978.319003956822
201 , 305 , 39273.216062520776
202 , 305 , 173706.16129416667
203 , 305 , 399945.90486139257
204 , 305 , 519324.47984176665
205 , 305 , 380672.6677771425
206 , 305 , 140050.14228436435
252 , 305 , 10023.058526725894
253 , 305 , 15238.578031106794
353 , 305 , 24294.20923053875
354 , 305 , 888887.766900318
355 , 305 , 2596538.5408581807
356 , 305 , 4167304.3802116644
357 , 305 , 4308149.149429806
358 , 305 , 3098443.6341795847
359 , 305 , 1514900.0635357786
360 , 305 , 444907.3826947537
361 , 305 , 45161.151370339445
171 , 306 , 99702.22746966699
172 , 306 , 259850.0965338435
173 , 306 , 232338.32731620834
200 , 306 , 11572.76302844441
201 , 306 , 40472.53054725756
202 , 306 , 159047.45303532493
203 , 306 , 366148.2999822834
204 , 306 , 486683.91939064837
205 , 306 , 352440.2652468347
206 , 306 , 99907.83421801514
354 , 306 , 1076405.6259537444
355 , 306 , 2816035.1189530077
356 , 306 , 3882128.091082472
357 , 306 , 3328633.8695208775
358 , 306 , 1754762.1450543653
359 , 306 , 334038.58435114566
171 , 307 , 98001.54959187348
172 , 307 , 188810.630263311
173 , 307 , 25778.400237097754
201 , 307 , 31041.180877379877
202 , 307 , 108522.86457279658
203 , 307 , 244994.08758513047
204 , 307 , 321420.54375282343
205 , 307 , 204763.13630110113
353 , 307 , 20195.567837208568
354 , 307 , 1136151.6391870962
355 , 307 , 2452863.0233433023
356 , 307 , 2697564.410491826
357 , 307 , 1557657.254832095
358 , 307 , 14873.57032811176
171 , 308 , 69627.26921343707
172 , 308 , 60469.6559754631
201 , 308 , 11719.701167442967
202 , 308 , 42179.78654270719
203 , 308 , 97155.06641216361
204 , 308 , 115898.25261272717
205 , 308 , 22122.83320663165
353 , 308 , 121377.09694837459
354 , 308 , 985716.4510081296
355 , 308 , 1579827.1959769093
356 , 308 , 1004968.32021689
170 , 309 , 11193.927055518869
171 , 309 , 49650.87048813154
202 , 309 , 15994.002124874754
203 , 309 , 27358.334441370607
204 , 309 , 14403.465077778295
353 , 309 , 196408.07888861504
354 , 309 , 700122.7110851823
355 , 309 , 646178.5221100615
170 , 310 , 11462.703837677464
171 , 310 , 28720.318652367576
202 , 310 , 10241.025297705315
203 , 310 , 12056.451660066194
353 , 310 , 180781.9628611279
354 , 310 , 348215.7877141634
179 , 311 , 10769.682341745398
353 , 311 , 94206.65312635498
354 , 311 , 41957.28806891476
353 , 312 , 25993.93393213547
230 , 313 , 15605.39016974422
231 , 313 , 64075.82661097137
232 , 313 , 95968.70538172117
233 , 313 , 55279.650346539565
254 , 313 , 10815.342277307709
255 , 313 , 10002.828357966764
258 , 313 , 11200.881665069439
211 , 314 , 11244.501145874841
212 , 314 , 15084.279966066424
230 , 314 , 79153.30061842015
231 , 314 , 317173.3973602215
232 , 314 , 404063.2569277531
233 , 314 , 184578.60592360562
254 , 314 , 10390.091183080982
255 , 314 , 11167.527006640048
258 , 314 , 10277.349310108171
278 , 314 , 14249.367240504325
279 , 314 , 23928.933251443857
280 , 314 , 35960.118097453946
281 , 314 , 35229.486878583615
282 , 314 , 10170.274869698711
212 , 315 , 17154.980877948914
213 , 315 , 12061.878964632164
230 , 315 , 195251.62052838167
231 , 315 , 732962.0588954699
232 , 315 , 819502.5702800946
233 , 315 , 265118.35832889494
241 , 315 , 12891.471909365115
242 , 315 , 13050.971982062458
277 , 315 , 10441.837734516606
278 , 315 , 18865.60206512396
279 , 315 , 51223.4474687052
280 , 315 , 136859.03002688993
281 , 315 , 218983.2070397162
282 , 315 , 194399.49164620505
283 , 315 , 86220.16375207275
230 , 316 , 250668.31180877867
231 , 316 , 994715.5441568056
232 , 316 , 971411.7371347724
233 , 316 , 102110.12530748104
240 , 316 , 49628.388256064696
241 , 316 , 31424.95498843699
242 , 316 , 10414.058630676946
278 , 316 , 11974.8508453256
279 , 316 , 117688.29053656262
280 , 316 , 414183.9698805131
281 , 316 , 729655.3747789641
282 , 316 , 726180.5592336573
283 , 316 , 414386.1571375128
284 , 316 , 100555.99292146915
285 , 316 , 14952.991710581351
230 , 317 , 192326.65786530497
231 , 317 , 881077.6121069603
232 , 317 , 683574.3059749468
239 , 317 , 46986.52674747798
240 , 317 , 53838.98067213899
241 , 317 , 21286.26818277796
279 , 317 , 222344.55676026217
280 , 317 , 856382.5092374692
281 , 317 , 1529392.8279780422
282 , 317 , 1564682.2068785005
283 , 317 , 939197.500054714
284 , 317 , 264861.41646144737
285 , 317 , 43730.04839399055
286 , 317 , 12384.424111783359
230 , 318 , 88148.49000408757
231 , 318 , 496646.2685985861
232 , 318 , 215305.64516644715
239 , 318 , 40313.255575899
240 , 318 , 30472.585937768352
279 , 318 , 211948.85944647936
280 , 318 , 1132483.1207926373
281 , 318 , 2129490.327700231
282 , 318 , 2247949.02652794
283 , 318 , 1390796.7159382578
284 , 318 , 397945.7744742691
285 , 318 , 38398.355020914285
231 , 319 , 116128.78822520911
239 , 319 , 18512.515808191503
240 , 319 , 12836.302910890967
280 , 319 , 877656.1071979257
281 , 319 , 1976689.3109466797
282 , 319 , 2247407.2600516207
283 , 319 , 1456029.7069273237
284 , 319 , 414676.67283879314
178 , 320 , 10101.375277585495
281 , 320 , 1001588.9674203917
282 , 320 , 1516880.1396813304
283 , 320 , 1117407.5118763216
284 , 320 , 336641.1386165881
178 , 321 , 26439.995608941084
282 , 321 , 575991.8754469102
283 , 321 , 630018.621788286
284 , 321 , 226611.27472995475
178 , 322 , 26687.467839576537
283 , 322 , 238848.10918812777
284 , 322 , 124461.66254661839
178 , 323 , 18202.781219459957
283 , 323 , 30199.564570529372
284 , 323 , 57941.55941070331
178 , 324 , 10751.061267012657
284 , 324 , 20492.150232122774
308 , 327 , 12281.747434624212
309 , 327 , 26597.22429734285
310 , 327 , 46819.56720254255
311 , 327 , 51348.97828250048
312 , 327 , 11766.30868659565
308 , 328 , 42123.557697159886
309 , 328 , 141796.5956180427
310 , 328 , 242397.98408774857
311 , 328 , 221321.168532635
312 , 328 , 13758.36146545998
308 , 329 , 153254.1239855949
309 , 329 , 438465.9675450817
310 , 329 , 658607.4114398888
311 , 329 , 514522.3744650085
307 , 330 , 30520.008408065507
308 , 330 , 298455.6873567311
309 , 330 , 748164.8965405007
310 , 330 , 1041348.3343169214
311 , 330 , 735654.8321286169
307 , 331 , 27301.290795049077
308 , 331 , 301736.07287575694
309 , 331 , 766060.0677712373
310 , 331 , 1057309.476939809
311 , 331 , 704419.9372686631
308 , 332 , 184018.1007813817
309 , 332 , 520205.0557363731
310 , 332 , 725817.7933820501
311 , 332 , 451765.12838694674
308 , 333 , 66615.36802472328
309 , 333 , 220368.5780974655
310 , 333 , 307410.98290433566
311 , 333 , 168792.2306147049
309 , 334 , 39567.5615777059
310 , 334 , 55679.4564714226
311 , 334 , 21197.52323103143
92 , 336 , 14264.79985861157
93 , 336 , 15352.281096564304
94 , 336 , 15048.421334084382
95 , 336 , 14395.025695514552
15 , 337 , 11675.488322221023
16 , 337 , 17367.34461100704
17 , 337 , 15875.840554023245
91 , 337 , 25759.454343470712
92 , 337 , 45459.72936031052
93 , 337 , 47633.759444138035
94 , 337 , 48071.97956363558
95 , 337 , 44524.13602420083
96 , 337 , 25853.964826166542
15 , 338 , 21064.024854591793
16 , 338 , 29011.020368153746
17 , 338 , 19554.553540762092
92 , 338 , 53056.35177787264
93 , 338 , 92509.14721666434
94 , 338 , 107615.46066267896
95 , 338 , 92594.31585206575
96 , 338 , 48546.77987100585
97 , 338 , 11865.962281142274
169 , 338 , 20210.50552908102
14 , 339 , 20246.24922799613
15 , 339 , 47423.34144089814
16 , 339 , 68436.69757099729
17 , 339 , 40231.647961509836
92 , 339 , 92092.41544329963
93 , 339 , 211624.00587151686
94 , 339 , 217621.27363394538
95 , 339 , 152504.38251795858
96 , 339 , 66271.42825742647
97 , 339 , 12705.094238007001
169 , 339 , 42558.406523045705
170 , 339 , 54617.003434815095
14 , 340 , 38881.365891575115
15 , 340 , 112498.50978528001
16 , 340 , 201427.96197963052
17 , 340 , 200079.92299398725
18 , 340 , 13252.827696469787
92 , 340 , 417959.6618523725
93 , 340 , 533039.809300941
94 , 340 , 411727.42831866624
95 , 340 , 224371.92352615256
96 , 340 , 77482.58073991942
111 , 340 , 14746.29034506518
112 , 340 , 242101.1421892331
113 , 340 , 430118.0521198311
114 , 340 , 444049.57788347057
115 , 340 , 289200.63516165706
116 , 340 , 108403.4828959645
117 , 340 , 21414.535730105523
169 , 340 , 45420.401327751635
170 , 340 , 156172.05946387025
171 , 340 , 21316.10280758096
14 , 341 , 62754.818553483005
15 , 341 , 218876.89164121723
16 , 341 , 464576.0497365305
17 , 341 , 618536.3026064758
18 , 341 , 436129.0495032013
91 , 341 , 745295.0714821076
92 , 341 , 1222925.0817974007
93 , 341 , 1090682.8742467053
94 , 341 , 673227.5042127484
95 , 341 , 298363.26876245404
96 , 341 , 84914.41558110224
110 , 341 , 94568.85100477916
111 , 341 , 526162.839849252
112 , 341 , 1183943.5133380555
113 , 341 , 1611303.997157691
114 , 341 , 1478094.861733229
115 , 341 , 907780.9401675914
116 , 341 , 354748.86186655215
117 , 341 , 84759.31045646663
118 , 341 , 12780.379956048439
170 , 341 , 82443.43853578356
171 , 341 , 33135.600715710316
349 , 341 , 15221.554874107853
350 , 341 , 36861.568688940264
351 , 341 , 18590.31733060369
14 , 342 , 74779.56005973966
15 , 342 , 315693.35297168756
16 , 342 , 760107.3465594181
17 , 342 , 1182538.583248155
18 , 342 , 1177448.2988632543
19 , 342 , 598368.0822189805
90 , 342 , 940361.0885001945
91 , 342 , 2013678.966583481
92 , 342 , 2192993.7470710203
93 , 342 , 1604983.0836068743
94 , 342 , 845394.4000054284
95 , 342 , 320482.72490198526
96 , 342 , 79881.43903794457
110 , 342 , 175262.11199684563
111 , 342 , 741825.8127039885
112 , 342 , 1579322.1923809762
113 , 342 , 2136215.3319065263
114 , 342 , 1953243.941902984
115 , 342 , 1182674.2102799746
116 , 342 , 457030.9714012574
117 , 342 , 111816.12565293374
118 , 342 , 17614.166465200768
349 , 342 , 16116.069456170982
350 , 342 , 24267.714621201547
351 , 342 , 12863.338623194024
14 , 343 , 69455.55436521367
15 , 343 , 343323.75630632765
16 , 343 , 902350.6454966926
17 , 343 , 1544812.5985071112
18 , 343 , 1804244.9344126678
19 , 343 , 1385241.1530979127
20 , 343 , 548011.6901971578
89 , 343 , 754383.4782815101
90 , 343 , 2078803.7372932776
91 , 343 , 2820193.249201072
92 , 343 , 2546226.0455292556
93 , 343 , 1634740.567175633
94 , 343 , 766114.5349852776
95 , 343 , 260507.07767348556
96 , 343 , 63003.2612195681
97 , 343 , 11607.782366503787
110 , 343 , 124192.6612148367
111 , 343 , 544565.6983922857
112 , 343 , 1211886.3633969757
113 , 343 , 1714106.1900394422
114 , 343 , 1606944.6967208125
115 , 343 , 939438.6921759126
116 , 343 , 309620.9659883209
117 , 343 , 38045.34117781429
350 , 343 , 11880.9181321648
14 , 344 , 26274.485077135454
15 , 344 , 241541.7468875777
16 , 344 , 730885.1474976441
17 , 344 , 1365498.701368637
18 , 344 , 1772964.796847794
19 , 344 , 1628774.6088038175
20 , 344 , 1049553.5825087389
21 , 344 , 415850.4975105499
88 , 344 , 404836.01086037536
89 , 344 , 1406123.4962029248
90 , 344 , 2293652.556475712
91 , 344 , 2610561.8301494312
92 , 344 , 2136903.899534549
93 , 344 , 1278800.5780914244
94 , 344 , 563989.4378190171
95 , 344 , 182242.47682809836
96 , 344 , 45309.947973919785
97 , 344 , 11655.39169821838
111 , 344 , 103055.01913392753
112 , 344 , 349477.0392377508
113 , 344 , 573646.3013648796
114 , 344 , 522695.0365031173
115 , 344 , 129614.0246940233
283 , 344 , 14315.195944009341
15 , 345 , 151988.2038467997
16 , 345 , 493011.12500527746
17 , 345 , 930203.713011135
18 , 345 , 1246961.8566556894
19 , 345 , 1243108.2216921763
20 , 345 , 946718.6052562487
21 , 345 , 566212.405096777
22 , 345 , 217233.7584697841
87 , 345 , 182839.33803257073
88 , 345 , 645442.6022694476
89 , 345 , 1253961.0664096568
90 , 345 , 1778378.1154695437
91 , 345 , 1938905.5343460331
92 , 345 , 1583995.9644471568
93 , 345 , 960053.6542920922
94 , 345 , 426973.507361841
95 , 345 , 136151.42295547883
96 , 345 , 31820.93785117264
281 , 345 , 34411.253602584475
282 , 345 , 107692.32819988142
283 , 345 , 43785.70043843269
14 , 346 , 36732.23157965856
15 , 346 , 173847.26229436058
16 , 346 , 415180.34756233176
17 , 346 , 652100.4226995901
18 , 346 , 779157.887601122
19 , 346 , 758738.2586383205
20 , 346 , 630374.8870039273
21 , 346 , 449998.0742149772
22 , 346 , 222152.2325620721
87 , 346 , 195371.67394390458
88 , 346 , 509870.21842062805
89 , 346 , 952883.8906448256
90 , 346 , 1400152.2516811313
91 , 346 , 1631674.006067166
92 , 346 , 1423158.1947628476
93 , 346 , 903064.4436980938
94 , 346 , 411574.1381174336
95 , 346 , 130409.44836864853
96 , 346 , 26758.50565677657
279 , 346 , 38873.2722880661
280 , 346 , 443950.75219165
281 , 346 , 571708.4499881939
282 , 346 , 347580.0859737928
283 , 346 , 94731.5356251851
13 , 347 , 14187.32009684145
14 , 347 , 55626.316030182585
15 , 347 , 153713.75199430046
16 , 347 , 273760.95418019884
17 , 347 , 333850.45868755144
18 , 347 , 331243.16694454884
19 , 347 , 351135.0792718135
20 , 347 , 419069.28373726306
21 , 347 , 403093.83863415814
22 , 347 , 176504.77453614725
88 , 347 , 180738.8171765568
89 , 347 , 531783.8272082795
90 , 347 , 955551.6631269457
91 , 347 , 1269012.2451572765
92 , 347 , 1183006.0894437293
93 , 347 , 755187.1426363047
94 , 347 , 324358.56221700384
95 , 347 , 84348.39237725371
278 , 347 , 105832.8790517333
279 , 347 , 485737.338749495
280 , 347 , 876021.4698387381
281 , 347 , 856495.6061882675
282 , 347 , 443916.864002849
283 , 347 , 66339.48552972142
13 , 348 , 17062.619795945662
14 , 348 , 47241.36994066732
15 , 348 , 88840.67379441415
16 , 348 , 96565.81282201357
17 , 348 , 33950.186321993126
19 , 348 , 116993.89636259782
20 , 348 , 383652.5527533047
21 , 348 , 435823.51312983595
22 , 348 , 74189.1253216454
90 , 348 , 47603.83387350687
91 , 348 , 414965.49636538606
92 , 348 , 532618.5833787367
93 , 348 , 352463.9221174546
94 , 348 , 118233.84934430255
277 , 348 , 33769.27093678055
278 , 348 , 208878.96643059072
279 , 348 , 542308.003110777
280 , 348 , 834410.9900895741
281 , 348 , 754794.1560488746
282 , 348 , 336332.1416893599
13 , 349 , 14726.25341640784
14 , 349 , 29607.330651687833
15 , 349 , 32355.405690368003
19 , 349 , 35664.22207577387
20 , 349 , 410946.5370686174
21 , 349 , 428409.2535541669
277 , 349 , 54579.75536609351
278 , 349 , 176195.67818968915
279 , 349 , 381822.73724245693
280 , 349 , 545365.2697883898
281 , 349 , 461289.2108013688
282 , 349 , 143726.1074440757
19 , 350 , 33337.95762463118
20 , 350 , 386509.95581514155
21 , 350 , 326952.92662896775
275 , 350 , 11367.353784361938
276 , 350 , 19617.282972810186
277 , 350 , 38161.15531718131
278 , 350 , 84459.41943581961
279 , 350 , 165197.120444991
280 , 350 , 222830.21237360794
281 , 350 , 158695.50719843953
19 , 351 , 98792.40457642582
20 , 351 , 327191.8932443532
21 , 351 , 221200.19046685775
274 , 351 , 11667.20630969765
275 , 351 , 14350.841075919288
276 , 351 , 15238.047899864214
277 , 351 , 15642.546779958637
278 , 351 , 24485.443398111238
279 , 351 , 47871.43449515103
280 , 351 , 63657.87429421256
281 , 351 , 29777.20326916658
19 , 352 , 101861.68391721303
20 , 352 , 212522.7444323626
21 , 352 , 127986.24128899377
273 , 352 , 10724.720009336299
274 , 352 , 13592.66855823222
275 , 352 , 14147.359268891854
276 , 352 , 11047.842693997936
279 , 352 , 11589.375484691935
280 , 352 , 17261.027034015187
18 , 353 , 10165.544916643921
19 , 353 , 62068.01864708836
20 , 353 , 102954.02712581598
21 , 353 , 57270.847283827876
23 , 353 , 18494.886154144348
24 , 353 , 27983.073970788697
27 , 353 , 12508.718637987797
136 , 353 , 17082.25808596483
137 , 353 , 17202.36067996431
138 , 353 , 19912.51630346063
139 , 353 , 25473.631006493335
140 , 353 , 25197.674268882398
19 , 354 , 25089.68094816756
20 , 354 , 35277.12432511002
21 , 354 , 19735.14534147767
22 , 354 , 12948.999157747656
23 , 354 , 30720.94822402414
24 , 354 , 28783.894402539554
26 , 354 , 13897.914573055288
27 , 354 , 29379.930632535987
28 , 354 , 18707.81268629992
43 , 354 , 21484.002465808237
44 , 354 , 10307.632551006918
136 , 354 , 50774.926461648094
137 , 354 , 86171.18217300872
138 , 354 , 98523.13225765018
139 , 354 , 79801.44763275707
140 , 354 , 11699.505910841792
20 , 355 , 10244.496490902347
23 , 355 , 14111.461788056293
24 , 355 , 10822.9581291516
27 , 355 , 15151.516360781923
42 , 355 , 12066.327923512072
43 , 355 , 14505.526549052363
136 , 355 , 151221.16958037156
137 , 355 , 293534.43676995236
138 , 355 , 266749.90788370266
139 , 355 , 79270.40957636602
136 , 356 , 306848.38993777335
137 , 356 , 543551.9928125138
138 , 356 , 341448.3571045039
136 , 357 , 422827.9205272407
137 , 357 , 638777.1357557236
138 , 357 , 196753.24877891224
305 , 357 , 14364.901205543316
306 , 357 , 29562.10127124004
307 , 357 , 24440.723961785785
136 , 358 , 428286.2926431021
137 , 358 , 526985.4514240844
305 , 358 , 42470.92092205623
306 , 358 , 86844.48951841363
307 , 358 , 44304.39357653592
136 , 359 , 331927.521620885
137 , 359 , 285637.05800647405
305 , 359 , 70780.69538728957
306 , 359 , 129120.06257619744
135 , 360 , 40807.75798513496
136 , 360 , 188115.31805290875
137 , 360 , 74157.20500656147
305 , 360 , 57424.62540338107
306 , 360 , 69568.36498172558
135 , 361 , 43287.37173723828
136 , 361 , 62792.715394277126
295 , 361 , 11770.939344322294
135 , 362 , 12250.479730219078
136 , 362 , 10255.826889824275
296 , 362 , 12412.759192604088
2 , 379 , 6358356.889603838
3 , 379 , 2537922.820518095
27 , 379 , 34851.89209027949
30 , 379 , 11765.550578712893
31 , 379 , 23393.114811228035
379 , 379 , 3903242.038383315
380 , 379 , 10129580.049232144
2 , 380 , 19314562.040127072
3 , 380 , 6459088.08527725
379 , 380 , 10307625.23023326
380 , 380 , 30468020.45513593
381 , 380 , 119883127.68131371
2 , 381 , 80681841.51377788
380 , 381 , 124489692.27443238
381 , 381 , 956938900.6215913
